
(-1.32, 0.76):(768.0, 432.0)
(2.54, 2.17):(50.0, 50.0)
(-0.8, 2.09):(768.0, 50.0)
(-3.9, 3.28):(1486.0, 50.0)
(1.43, 0.64):(50.0, 432.0)
(-4.69, -0.44):(1486.0, 432.0)
(1.34, -1.2):(50.0, 814.0)
(-2.45, -1.93):(768.0, 814.0)
(-5.49, -1.9):(1486.0, 814.0)

(-1.07, 0.89):(768.0, 432.0)
(1.97, 3.15):(50.0, 50.0)
(-1.27, 3.97):(768.0, 50.0)
(-3.69, 5.57):(1486.0, 50.0)
(1.49, 1.36):(50.0, 432.0)
(-4.83, 0.86):(1486.0, 432.0)
(1.54, 0.38):(50.0, 814.0)
(-1.75, -0.25):(768.0, 814.0)
(-3.8, 0.3):(1486.0, 814.0)

(-2.1, 0.88):(768.0, 432.0)
(1.27, 3.22):(50.0, 50.0)
(-1.45, 2.43):(768.0, 50.0)
(-4.68, 2.59):(1486.0, 50.0)
(2.05, 1.59):(50.0, 432.0)
(-4.27, -0.05):(1486.0, 432.0)
(2.06, -0.62):(50.0, 814.0)
(-0.69, -0.17):(768.0, 814.0)
(-3.94, -0.12):(1486.0, 814.0)


(-1.38, 0.74):(768.0, 432.0)
(2.52, 2.14):(50.0, 50.0)
(-1.03, 2.12):(768.0, 50.0)
(-4.16, 2.95):(1486.0, 50.0)
(1.32, 0.76):(50.0, 432.0)
(-5.37, -0.07):(1486.0, 432.0)
(1.45, -1.27):(50.0, 814.0)
(-2.46, -1.9):(768.0, 814.0)
(-5.5, -1.63):(1486.0, 814.0)

(-1.28, 1.02):(768.0, 432.0)
(2.25, 3.28):(50.0, 50.0)
(-1.26, 3.98):(768.0, 50.0)
(-3.75, 5.69):(1486.0, 50.0)
(1.36, 1.39):(50.0, 432.0)
(-5.14, 1.18):(1486.0, 432.0)
(1.56, 0.47):(50.0, 814.0)
(-1.86, 0.03):(768.0, 814.0)
(-4.06, 0.45):(1486.0, 814.0)

(-2.28, 1.32):(768.0, 432.0)
(1.25, 3.62):(50.0, 50.0)
(-1.96, 2.37):(768.0, 50.0)
(-5.2, 2.32):(1486.0, 50.0)
(1.98, 1.81):(50.0, 432.0)
(-4.88, 0.59):(1486.0, 432.0)
(1.59, -0.55):(50.0, 814.0)
(-1.04, 0.03):(768.0, 814.0)
(-4.21, 0.44):(1486.0, 814.0)




(-1.38, 0.74):(768.0, 432.0)
(2.52, 2.14):(50.0, 50.0)
(-1.03, 2.12):(768.0, 50.0)
(-4.16, 2.95):(1486.0, 50.0)
(1.32, 0.76):(50.0, 432.0)
(-5.37, -0.07):(1486.0, 432.0)
(1.45, -1.27):(50.0, 814.0)
(-2.46, -1.9):(768.0, 814.0)
(-5.5, -1.63):(1486.0, 814.0)

(-1.28, 1.02):(768.0, 432.0)
(2.25, 3.28):(50.0, 50.0)
(-1.26, 3.98):(768.0, 50.0)
(-3.75, 5.69):(1486.0, 50.0)
(1.36, 1.39):(50.0, 432.0)
(-5.14, 1.18):(1486.0, 432.0)
(1.56, 0.47):(50.0, 814.0)
(-1.86, 0.03):(768.0, 814.0)
(-4.06, 0.45):(1486.0, 814.0)

(-2.28, 1.32):(768.0, 432.0)
(1.25, 3.62):(50.0, 50.0)
(-1.96, 2.37):(768.0, 50.0)
(-5.2, 2.32):(1486.0, 50.0)
(1.98, 1.81):(50.0, 432.0)
(-4.88, 0.59):(1486.0, 432.0)
(1.59, -0.55):(50.0, 814.0)
(-1.04, 0.03):(768.0, 814.0)
(-4.21, 0.44):(1486.0, 814.0)


(-1.32, 0.76):(768.0, 432.0)
(2.54, 2.17):(50.0, 50.0)
(-0.8, 2.09):(768.0, 50.0)
(-3.9, 3.28):(1486.0, 50.0)
(1.43, 0.64):(50.0, 432.0)
(-4.69, -0.44):(1486.0, 432.0)
(1.34, -1.2):(50.0, 814.0)
(-2.45, -1.93):(768.0, 814.0)
(-5.49, -1.9):(1486.0, 814.0)

(-1.07, 0.89):(768.0, 432.0)
(1.97, 3.15):(50.0, 50.0)
(-1.27, 3.97):(768.0, 50.0)
(-3.69, 5.57):(1486.0, 50.0)
(1.49, 1.36):(50.0, 432.0)
(-4.83, 0.86):(1486.0, 432.0)
(1.54, 0.38):(50.0, 814.0)
(-1.75, -0.25):(768.0, 814.0)
(-3.8, 0.3):(1486.0, 814.0)

(-2.1, 0.88):(768.0, 432.0)
(1.27, 3.22):(50.0, 50.0)
(-1.45, 2.43):(768.0, 50.0)
(-4.68, 2.59):(1486.0, 50.0)
(2.05, 1.59):(50.0, 432.0)
(-4.27, -0.05):(1486.0, 432.0)
(2.06, -0.62):(50.0, 814.0)
(-0.69, -0.17):(768.0, 814.0)
(-3.94, -0.12):(1486.0, 814.0)

k=1/6
(-1.32, 0.37):(768.0, 432.0)
(2.54, 0.37):(50.0, 50.0)
(-0.8, 0.37):(768.0, 50.0)
(-3.9, 0.39):(1486.0, 50.0)
(1.43, 0.36):(50.0, 432.0)
(-4.69, 0.37):(1486.0, 432.0)
(1.34, 0.36):(50.0, 814.0)
(-2.45, 0.36):(768.0, 814.0)
(-5.49, 0.37):(1486.0, 814.0)

(-1.07, 0.36):(768.0, 432.0)
(1.97, 0.39):(50.0, 50.0)
(-1.27, 0.38):(768.0, 50.0)
(-3.69, 0.39):(1486.0, 50.0)
(1.49, 0.37):(50.0, 432.0)
(-4.83, 0.36):(1486.0, 432.0)
(1.54, 0.36):(50.0, 814.0)
(-1.75, 0.36):(768.0, 814.0)
(-3.8, 0.36):(1486.0, 814.0)

(-2.1, 0.37):(768.0, 432.0)
(1.27, 0.45):(50.0, 50.0)
(-1.45, 0.37):(768.0, 50.0)
(-4.68, 0.38):(1486.0, 50.0)
(2.05, 0.38):(50.0, 432.0)
(-4.27, 0.37):(1486.0, 432.0)
(2.06, 0.36):(50.0, 814.0)
(-0.69, 0.36):(768.0, 814.0)
(-3.94, 0.36):(1486.0, 814.0)



k=1/5
(-1.38, 0.74):(768.0, 432.0)
(2.52, 2.14):(50.0, 50.0)
(-1.03, 2.12):(768.0, 50.0)
(-4.16, 2.95):(1486.0, 50.0)
(1.32, 0.76):(50.0, 432.0)
(-5.37, -0.07):(1486.0, 432.0)
(1.45, -1.27):(50.0, 814.0)
(-2.46, -1.9):(768.0, 814.0)
(-5.5, -1.63):(1486.0, 814.0)

(-1.28, 1.02):(768.0, 432.0)
(2.25, 3.28):(50.0, 50.0)
(-1.26, 3.98):(768.0, 50.0)
(-3.75, 5.69):(1486.0, 50.0)
(1.36, 1.39):(50.0, 432.0)
(-5.14, 1.18):(1486.0, 432.0)
(1.56, 0.47):(50.0, 814.0)
(-1.86, 0.03):(768.0, 814.0)
(-4.06, 0.45):(1486.0, 814.0)

(-2.28, 1.32):(768.0, 432.0)
(1.25, 3.62):(50.0, 50.0)
(-1.96, 2.37):(768.0, 50.0)
(-5.2, 2.32):(1486.0, 50.0)
(1.98, 1.81):(50.0, 432.0)
(-4.88, 0.59):(1486.0, 432.0)
(1.59, -0.55):(50.0, 814.0)
(-1.04, 0.03):(768.0, 814.0)
(-4.21, 0.44):(1486.0, 814.0)




k=1/4
(-1.38, 0.74):(768.0, 432.0)
(2.52, 2.14):(50.0, 50.0)
(-1.03, 2.12):(768.0, 50.0)
(-4.16, 2.95):(1486.0, 50.0)
(1.32, 0.76):(50.0, 432.0)
(-5.37, -0.07):(1486.0, 432.0)
(1.45, -1.27):(50.0, 814.0)
(-2.46, -1.9):(768.0, 814.0)
(-5.5, -1.63):(1486.0, 814.0)

(-1.28, 1.02):(768.0, 432.0)
(2.25, 3.28):(50.0, 50.0)
(-1.26, 3.98):(768.0, 50.0)
(-3.75, 5.69):(1486.0, 50.0)
(1.36, 1.39):(50.0, 432.0)
(-5.14, 1.18):(1486.0, 432.0)
(1.56, 0.47):(50.0, 814.0)
(-1.86, 0.03):(768.0, 814.0)
(-4.06, 0.45):(1486.0, 814.0)

(-2.28, 1.32):(768.0, 432.0)
(1.25, 3.62):(50.0, 50.0)
(-1.96, 2.37):(768.0, 50.0)
(-5.2, 2.32):(1486.0, 50.0)
(1.98, 1.81):(50.0, 432.0)
(-4.88, 0.59):(1486.0, 432.0)
(1.59, -0.55):(50.0, 814.0)
(-1.04, 0.03):(768.0, 814.0)
(-4.21, 0.44):(1486.0, 814.0)




(-1.33, 0.73):(768.0, 432.0)
(2.5, 2.04):(50.0, 50.0)
(-1.05, 2.02):(768.0, 50.0)
(-4.18, 2.84):(1486.0, 50.0)
(1.29, 0.65):(50.0, 432.0)
(-5.4, -0.18):(1486.0, 432.0)
(1.43, -1.37):(50.0, 814.0)
(-2.48, -2.01):(768.0, 814.0)
(-5.52, -1.74):(1486.0, 814.0)

(-1.28, 1.02):(768.0, 432.0)
(2.25, 3.28):(50.0, 50.0)
(-1.26, 3.98):(768.0, 50.0)
(-3.75, 5.69):(1486.0, 50.0)
(1.36, 1.39):(50.0, 432.0)
(-5.14, 1.18):(1486.0, 432.0)
(1.56, 0.47):(50.0, 814.0)
(-1.86, 0.03):(768.0, 814.0)
(-4.06, 0.45):(1486.0, 814.0)

(-2.28, 1.32):(768.0, 432.0)
(1.25, 3.62):(50.0, 50.0)
(-1.96, 2.37):(768.0, 50.0)
(-5.2, 2.32):(1486.0, 50.0)
(1.98, 1.81):(50.0, 432.0)
(-4.88, 0.59):(1486.0, 432.0)
(1.59, -0.55):(50.0, 814.0)
(-1.04, 0.03):(768.0, 814.0)
(-4.21, 0.44):(1486.0, 814.0)


(-1.33, 0.73):(768.0, 432.0)
(2.5, 2.04):(50.0, 50.0)
(-1.05, 2.02):(768.0, 50.0)
(-4.18, 2.84):(1486.0, 50.0)
(1.29, 0.65):(50.0, 432.0)
(-5.4, -0.18):(1486.0, 432.0)
(1.43, -1.37):(50.0, 814.0)
(-2.48, -2.01):(768.0, 814.0)
(-5.52, -1.74):(1486.0, 814.0)

(-1.28, 1.02):(768.0, 432.0)
(2.25, 3.28):(50.0, 50.0)
(-1.26, 3.98):(768.0, 50.0)
(-3.75, 5.69):(1486.0, 50.0)
(1.36, 1.39):(50.0, 432.0)
(-5.14, 1.18):(1486.0, 432.0)
(1.56, 0.47):(50.0, 814.0)
(-1.86, 0.03):(768.0, 814.0)
(-4.06, 0.45):(1486.0, 814.0)

(-2.28, 1.32):(768.0, 432.0)
(1.25, 3.62):(50.0, 50.0)
(-1.96, 2.37):(768.0, 50.0)
(-5.2, 2.32):(1486.0, 50.0)
(1.98, 1.81):(50.0, 432.0)
(-4.88, 0.59):(1486.0, 432.0)
(1.59, -0.55):(50.0, 814.0)
(-1.04, 0.03):(768.0, 814.0)
(-4.21, 0.44):(1486.0, 814.0)


(-1.38, 0.74):(768.0, 432.0)
(2.52, 2.14):(50.0, 50.0)
(-1.03, 2.12):(768.0, 50.0)
(-4.16, 2.95):(1486.0, 50.0)
(1.32, 0.76):(50.0, 432.0)
(-5.37, -0.07):(1486.0, 432.0)
(1.45, -1.27):(50.0, 814.0)
(-2.46, -1.9):(768.0, 814.0)
(-5.5, -1.63):(1486.0, 814.0)

(-1.28, 1.02):(768.0, 432.0)
(2.25, 3.28):(50.0, 50.0)
(-1.26, 3.98):(768.0, 50.0)
(-3.75, 5.69):(1486.0, 50.0)
(1.36, 1.39):(50.0, 432.0)
(-5.14, 1.18):(1486.0, 432.0)
(1.56, 0.47):(50.0, 814.0)
(-1.86, 0.03):(768.0, 814.0)
(-4.06, 0.45):(1486.0, 814.0)

(-2.28, 1.32):(768.0, 432.0)
(1.25, 3.62):(50.0, 50.0)
(-1.96, 2.37):(768.0, 50.0)
(-5.2, 2.32):(1486.0, 50.0)
(1.98, 1.81):(50.0, 432.0)
(-4.88, 0.59):(1486.0, 432.0)
(1.59, -0.55):(50.0, 814.0)
(-1.04, 0.03):(768.0, 814.0)
(-4.21, 0.44):(1486.0, 814.0)


(-1.38, 0.74):(768.0, 432.0)
(2.52, 2.14):(50.0, 50.0)
(-1.03, 2.12):(768.0, 50.0)
(-4.16, 2.95):(1486.0, 50.0)
(1.32, 0.76):(50.0, 432.0)
(-5.37, -0.07):(1486.0, 432.0)
(1.45, -1.27):(50.0, 814.0)
(-2.46, -1.9):(768.0, 814.0)
(-5.5, -1.63):(1486.0, 814.0)

(-1.28, 1.02):(768.0, 432.0)
(2.25, 3.28):(50.0, 50.0)
(-1.26, 3.98):(768.0, 50.0)
(-3.75, 5.69):(1486.0, 50.0)
(1.36, 1.39):(50.0, 432.0)
(-5.14, 1.18):(1486.0, 432.0)
(1.56, 0.47):(50.0, 814.0)
(-1.86, 0.03):(768.0, 814.0)
(-4.06, 0.45):(1486.0, 814.0)

(-2.28, 1.32):(768.0, 432.0)
(1.25, 3.62):(50.0, 50.0)
(-1.96, 2.37):(768.0, 50.0)
(-5.2, 2.32):(1486.0, 50.0)
(1.98, 1.81):(50.0, 432.0)
(-4.88, 0.59):(1486.0, 432.0)
(1.59, -0.55):(50.0, 814.0)
(-1.04, 0.03):(768.0, 814.0)
(-4.21, 0.44):(1486.0, 814.0)


(-1.38, 0.74):(768.0, 432.0)
(2.52, 2.14):(50.0, 50.0)
(-1.03, 2.12):(768.0, 50.0)
(-4.16, 2.95):(1486.0, 50.0)
(1.32, 0.76):(50.0, 432.0)
(-5.37, -0.07):(1486.0, 432.0)
(1.45, -1.27):(50.0, 814.0)
(-2.46, -1.9):(768.0, 814.0)
(-5.5, -1.63):(1486.0, 814.0)

(-1.28, 1.02):(768.0, 432.0)
(2.25, 3.28):(50.0, 50.0)
(-1.26, 3.98):(768.0, 50.0)
(-3.75, 5.69):(1486.0, 50.0)
(1.36, 1.39):(50.0, 432.0)
(-5.14, 1.18):(1486.0, 432.0)
(1.56, 0.47):(50.0, 814.0)
(-1.86, 0.03):(768.0, 814.0)
(-4.06, 0.45):(1486.0, 814.0)

(-2.28, 1.32):(768.0, 432.0)
(1.25, 3.62):(50.0, 50.0)
(-1.96, 2.37):(768.0, 50.0)
(-5.2, 2.32):(1486.0, 50.0)
(1.98, 1.81):(50.0, 432.0)
(-4.88, 0.59):(1486.0, 432.0)
(1.59, -0.55):(50.0, 814.0)
(-1.04, 0.03):(768.0, 814.0)
(-4.21, 0.44):(1486.0, 814.0)


(-1.38, 0.74):(768.0, 432.0)
(2.52, 2.14):(50.0, 50.0)
(-1.03, 2.12):(768.0, 50.0)
(-4.16, 2.95):(1486.0, 50.0)
(1.32, 0.76):(50.0, 432.0)
(-5.37, -0.07):(1486.0, 432.0)
(1.45, -1.27):(50.0, 814.0)
(-2.46, -1.9):(768.0, 814.0)
(-5.5, -1.63):(1486.0, 814.0)

(-1.28, 1.02):(768.0, 432.0)
(2.25, 3.28):(50.0, 50.0)
(-1.26, 3.98):(768.0, 50.0)
(-3.75, 5.69):(1486.0, 50.0)
(1.36, 1.39):(50.0, 432.0)
(-5.14, 1.18):(1486.0, 432.0)
(1.56, 0.47):(50.0, 814.0)
(-1.86, 0.03):(768.0, 814.0)
(-4.06, 0.45):(1486.0, 814.0)

(-2.28, 1.32):(768.0, 432.0)
(1.25, 3.62):(50.0, 50.0)
(-1.96, 2.37):(768.0, 50.0)
(-5.2, 2.32):(1486.0, 50.0)
(1.98, 1.81):(50.0, 432.0)
(-4.88, 0.59):(1486.0, 432.0)
(1.59, -0.55):(50.0, 814.0)
(-1.04, 0.03):(768.0, 814.0)
(-4.21, 0.44):(1486.0, 814.0)


(-1.38, 0.74):(768.0, 432.0)
(2.52, 2.14):(50.0, 50.0)
(-1.03, 2.12):(768.0, 50.0)
(-4.16, 2.95):(1486.0, 50.0)
(1.32, 0.76):(50.0, 432.0)
(-5.37, -0.07):(1486.0, 432.0)
(1.45, -1.27):(50.0, 814.0)
(-2.46, -1.9):(768.0, 814.0)
(-5.5, -1.63):(1486.0, 814.0)

(-1.28, 1.02):(768.0, 432.0)
(2.25, 3.28):(50.0, 50.0)
(-1.26, 3.98):(768.0, 50.0)
(-3.75, 5.69):(1486.0, 50.0)
(1.36, 1.39):(50.0, 432.0)
(-5.14, 1.18):(1486.0, 432.0)
(1.56, 0.47):(50.0, 814.0)
(-1.86, 0.03):(768.0, 814.0)
(-4.06, 0.45):(1486.0, 814.0)

(-2.28, 1.32):(768.0, 432.0)
(1.25, 3.62):(50.0, 50.0)
(-1.96, 2.37):(768.0, 50.0)
(-5.2, 2.32):(1486.0, 50.0)
(1.98, 1.81):(50.0, 432.0)
(-4.88, 0.59):(1486.0, 432.0)
(1.59, -0.55):(50.0, 814.0)
(-1.04, 0.03):(768.0, 814.0)
(-4.21, 0.44):(1486.0, 814.0)


(-3.67, 1.02):(768.0, 432.0)
(9.74, 7.25):(50.0, 50.0)
(-2.59, 9.05):(768.0, 50.0)
(-11.56, 7.92):(1486.0, 50.0)
(7.41, 3.36):(50.0, 432.0)
(-7.78, -0.21):(1486.0, 432.0)
(5.37, -2.6):(50.0, 814.0)
(-4.04, -2.32):(768.0, 814.0)
(-7.65, -0.22):(1486.0, 814.0)

(-2.82, 0.33):(768.0, 432.0)
(5.05, 3.84):(50.0, 50.0)
(-4.11, 7.79):(768.0, 50.0)
(-10.15, 4.05):(1486.0, 50.0)
(5.93, -5.1):(50.0, 432.0)
(-10.05, -6.28):(1486.0, 432.0)
(4.57, -6.52):(50.0, 814.0)
(-8.03, -6.58):(768.0, 814.0)
(-13.1, -6.91):(1486.0, 814.0)

(-3.36, 1.09):(768.0, 432.0)
(5.22, 3.58):(50.0, 50.0)
(-2.69, 3.02):(768.0, 50.0)
(-8.89, 1.29):(1486.0, 50.0)
(4.67, 1.08):(50.0, 432.0)
(-9.02, -1.69):(1486.0, 432.0)
(2.23, -2.44):(50.0, 814.0)
(-4.45, -3.78):(768.0, 814.0)
(-5.4, -6.55):(1486.0, 814.0)


(-3.67, 1.02):(768.0, 432.0)
(9.74, 7.25):(50.0, 50.0)
(-2.59, 9.05):(768.0, 50.0)
(-11.56, 7.92):(1486.0, 50.0)
(7.41, 3.36):(50.0, 432.0)
(-7.78, -0.21):(1486.0, 432.0)
(5.37, -2.6):(50.0, 814.0)
(-4.04, -2.32):(768.0, 814.0)
(-7.65, -0.22):(1486.0, 814.0)

(-2.82, 0.33):(768.0, 432.0)
(5.05, 3.84):(50.0, 50.0)
(-4.11, 7.79):(768.0, 50.0)
(-10.15, 4.05):(1486.0, 50.0)
(5.93, -5.1):(50.0, 432.0)
(-10.05, -6.28):(1486.0, 432.0)
(4.57, -6.52):(50.0, 814.0)
(-8.03, -6.58):(768.0, 814.0)
(-13.1, -6.91):(1486.0, 814.0)

(-3.36, 1.09):(768.0, 432.0)
(5.22, 3.58):(50.0, 50.0)
(-2.69, 3.02):(768.0, 50.0)
(-8.89, 1.29):(1486.0, 50.0)
(4.67, 1.08):(50.0, 432.0)
(-9.02, -1.69):(1486.0, 432.0)
(2.23, -2.44):(50.0, 814.0)
(-4.45, -3.78):(768.0, 814.0)
(-5.4, -6.55):(1486.0, 814.0)

(-3.67, 0.26):(768.0, 432.0)
(9.74, 0.27):(50.0, 50.0)
(-2.59, 0.29):(768.0, 50.0)
(-11.56, 0.29):(1486.0, 50.0)
(7.41, 0.26):(50.0, 432.0)
(-7.78, 0.24):(1486.0, 432.0)
(5.37, 0.23):(50.0, 814.0)
(-4.04, 0.24):(768.0, 814.0)
(-7.65, 0.25):(1486.0, 814.0)

(-2.82, 0.26):(768.0, 432.0)
(5.05, 0.26):(50.0, 50.0)
(-4.11, 0.28):(768.0, 50.0)
(-10.15, 0.29):(1486.0, 50.0)
(5.93, 0.21):(50.0, 432.0)
(-10.05, 0.23):(1486.0, 432.0)
(4.57, 0.22):(50.0, 814.0)
(-8.03, 0.21):(768.0, 814.0)
(-13.1, 0.21):(1486.0, 814.0)

(-3.36, 0.23):(768.0, 432.0)
(5.22, 0.23):(50.0, 50.0)
(-2.69, 0.22):(768.0, 50.0)
(-8.89, 0.24):(1486.0, 50.0)
(4.67, 0.22):(50.0, 432.0)
(-9.02, 0.22):(1486.0, 432.0)
(2.23, 0.2):(50.0, 814.0)
(-4.45, 0.21):(768.0, 814.0)
(-5.4, 0.22):(1486.0, 814.0)


(-3.67, 1.02):(768.0, 432.0)
(9.74, 7.25):(50.0, 50.0)
(-2.59, 9.05):(768.0, 50.0)
(-11.56, 7.92):(1486.0, 50.0)
(7.41, 3.36):(50.0, 432.0)
(-7.78, -0.21):(1486.0, 432.0)
(5.37, -2.6):(50.0, 814.0)
(-4.04, -2.32):(768.0, 814.0)
(-7.65, -0.22):(1486.0, 814.0)

(-2.82, 0.33):(768.0, 432.0)
(5.05, 3.84):(50.0, 50.0)
(-4.11, 7.79):(768.0, 50.0)
(-10.15, 4.05):(1486.0, 50.0)
(5.93, -5.1):(50.0, 432.0)
(-10.05, -6.28):(1486.0, 432.0)
(4.57, -6.52):(50.0, 814.0)
(-8.03, -6.58):(768.0, 814.0)
(-13.1, -6.91):(1486.0, 814.0)

(-3.36, 1.09):(768.0, 432.0)
(5.22, 3.58):(50.0, 50.0)
(-2.69, 3.02):(768.0, 50.0)
(-8.89, 1.29):(1486.0, 50.0)
(4.67, 1.08):(50.0, 432.0)
(-9.02, -1.69):(1486.0, 432.0)
(2.23, -2.44):(50.0, 814.0)
(-4.45, -3.78):(768.0, 814.0)
(-5.4, -6.55):(1486.0, 814.0)

(-3.67, 0.26):(768.0, 432.0)
(9.74, 0.27):(50.0, 50.0)
(-2.59, 0.29):(768.0, 50.0)
(-11.56, 0.29):(1486.0, 50.0)
(7.41, 0.26):(50.0, 432.0)
(-7.78, 0.24):(1486.0, 432.0)
(5.37, 0.23):(50.0, 814.0)
(-4.04, 0.24):(768.0, 814.0)
(-7.65, 0.25):(1486.0, 814.0)

(-2.82, 0.26):(768.0, 432.0)
(5.05, 0.26):(50.0, 50.0)
(-4.11, 0.28):(768.0, 50.0)
(-10.15, 0.29):(1486.0, 50.0)
(5.93, 0.21):(50.0, 432.0)
(-10.05, 0.23):(1486.0, 432.0)
(4.57, 0.22):(50.0, 814.0)
(-8.03, 0.21):(768.0, 814.0)
(-13.1, 0.21):(1486.0, 814.0)

(-3.36, 0.23):(768.0, 432.0)
(5.22, 0.23):(50.0, 50.0)
(-2.69, 0.22):(768.0, 50.0)
(-8.89, 0.24):(1486.0, 50.0)
(4.67, 0.22):(50.0, 432.0)
(-9.02, 0.22):(1486.0, 432.0)
(2.23, 0.2):(50.0, 814.0)
(-4.45, 0.21):(768.0, 814.0)
(-5.4, 0.22):(1486.0, 814.0)

(-3.67, 1.02):(768.0, 432.0)
(9.74, 7.25):(50.0, 50.0)
(-2.59, 9.05):(768.0, 50.0)
(-11.56, 7.92):(1486.0, 50.0)
(7.41, 3.36):(50.0, 432.0)
(-7.78, -0.21):(1486.0, 432.0)
(5.37, -2.6):(50.0, 814.0)
(-4.04, -2.32):(768.0, 814.0)
(-7.65, -0.22):(1486.0, 814.0)

(-2.82, 0.33):(768.0, 432.0)
(5.05, 3.84):(50.0, 50.0)
(-4.11, 7.79):(768.0, 50.0)
(-10.15, 4.05):(1486.0, 50.0)
(5.93, -5.1):(50.0, 432.0)
(-10.05, -6.28):(1486.0, 432.0)
(4.57, -6.52):(50.0, 814.0)
(-8.03, -6.58):(768.0, 814.0)
(-13.1, -6.91):(1486.0, 814.0)

(-3.36, 1.09):(768.0, 432.0)
(5.22, 3.58):(50.0, 50.0)
(-2.69, 3.02):(768.0, 50.0)
(-8.89, 1.29):(1486.0, 50.0)
(4.67, 1.08):(50.0, 432.0)
(-9.02, -1.69):(1486.0, 432.0)
(2.23, -2.44):(50.0, 814.0)
(-4.45, -3.78):(768.0, 814.0)
(-5.4, -6.55):(1486.0, 814.0)


(-3.67, 1.02):(768.0, 432.0)
(9.74, 7.25):(50.0, 50.0)
(-2.59, 9.05):(768.0, 50.0)
(-11.56, 7.92):(1486.0, 50.0)
(7.41, 3.36):(50.0, 432.0)
(-7.78, -0.21):(1486.0, 432.0)
(5.37, -2.6):(50.0, 814.0)
(-4.04, -2.32):(768.0, 814.0)
(-7.65, -0.22):(1486.0, 814.0)

(-2.82, 0.33):(768.0, 432.0)
(5.05, 3.84):(50.0, 50.0)
(-4.11, 7.79):(768.0, 50.0)
(-10.15, 4.05):(1486.0, 50.0)
(5.93, -5.1):(50.0, 432.0)
(-10.05, -6.28):(1486.0, 432.0)
(4.57, -6.52):(50.0, 814.0)
(-8.03, -6.58):(768.0, 814.0)
(-13.1, -6.91):(1486.0, 814.0)

(-3.36, 1.09):(768.0, 432.0)
(5.22, 3.58):(50.0, 50.0)
(-2.69, 3.02):(768.0, 50.0)
(-8.89, 1.29):(1486.0, 50.0)
(4.67, 1.08):(50.0, 432.0)
(-9.02, -1.69):(1486.0, 432.0)
(2.23, -2.44):(50.0, 814.0)
(-4.45, -3.78):(768.0, 814.0)
(-5.4, -6.55):(1486.0, 814.0)


(-3.67, 1.02):(768.0, 432.0)
(9.74, 7.25):(50.0, 50.0)
(-2.59, 9.05):(768.0, 50.0)
(-11.56, 7.92):(1486.0, 50.0)
(7.41, 3.36):(50.0, 432.0)
(-7.78, -0.21):(1486.0, 432.0)
(5.37, -2.6):(50.0, 814.0)
(-4.04, -2.32):(768.0, 814.0)
(-7.65, -0.22):(1486.0, 814.0)

(-2.82, 0.33):(768.0, 432.0)
(5.05, 3.84):(50.0, 50.0)
(-4.11, 7.79):(768.0, 50.0)
(-10.15, 4.05):(1486.0, 50.0)
(5.93, -5.1):(50.0, 432.0)
(-10.05, -6.28):(1486.0, 432.0)
(4.57, -6.52):(50.0, 814.0)
(-8.03, -6.58):(768.0, 814.0)
(-13.1, -6.91):(1486.0, 814.0)

(-3.36, 1.09):(768.0, 432.0)
(5.22, 3.58):(50.0, 50.0)
(-2.69, 3.02):(768.0, 50.0)
(-8.89, 1.29):(1486.0, 50.0)
(4.67, 1.08):(50.0, 432.0)
(-9.02, -1.69):(1486.0, 432.0)
(2.23, -2.44):(50.0, 814.0)
(-4.45, -3.78):(768.0, 814.0)
(-5.4, -6.55):(1486.0, 814.0)


(-3.67, 1.02):(768.0, 432.0)
(9.74, 7.25):(50.0, 50.0)
(-2.59, 9.05):(768.0, 50.0)
(-11.56, 7.92):(1486.0, 50.0)
(7.41, 3.36):(50.0, 432.0)
(-7.78, -0.21):(1486.0, 432.0)
(5.37, -2.6):(50.0, 814.0)
(-4.04, -2.32):(768.0, 814.0)
(-7.65, -0.22):(1486.0, 814.0)

(-2.82, 0.33):(768.0, 432.0)
(5.05, 3.84):(50.0, 50.0)
(-4.11, 7.79):(768.0, 50.0)
(-10.15, 4.05):(1486.0, 50.0)
(5.93, -5.1):(50.0, 432.0)
(-10.05, -6.28):(1486.0, 432.0)
(4.57, -6.52):(50.0, 814.0)
(-8.03, -6.58):(768.0, 814.0)
(-13.1, -6.91):(1486.0, 814.0)

(-3.36, 1.09):(768.0, 432.0)
(5.22, 3.58):(50.0, 50.0)
(-2.69, 3.02):(768.0, 50.0)
(-8.89, 1.29):(1486.0, 50.0)
(4.67, 1.08):(50.0, 432.0)
(-9.02, -1.69):(1486.0, 432.0)
(2.23, -2.44):(50.0, 814.0)
(-4.45, -3.78):(768.0, 814.0)
(-5.4, -6.55):(1486.0, 814.0)

(-3.67, 0.26):(768.0, 432.0)
(9.74, 0.27):(50.0, 50.0)
(-2.59, 0.29):(768.0, 50.0)
(-11.56, 0.29):(1486.0, 50.0)
(7.41, 0.26):(50.0, 432.0)
(-7.78, 0.24):(1486.0, 432.0)
(5.37, 0.23):(50.0, 814.0)
(-4.04, 0.24):(768.0, 814.0)
(-7.65, 0.25):(1486.0, 814.0)

(-2.82, 0.26):(768.0, 432.0)
(5.05, 0.26):(50.0, 50.0)
(-4.11, 0.28):(768.0, 50.0)
(-10.15, 0.29):(1486.0, 50.0)
(5.93, 0.21):(50.0, 432.0)
(-10.05, 0.23):(1486.0, 432.0)
(4.57, 0.22):(50.0, 814.0)
(-8.03, 0.21):(768.0, 814.0)
(-13.1, 0.21):(1486.0, 814.0)

(-3.36, 0.23):(768.0, 432.0)
(5.22, 0.23):(50.0, 50.0)
(-2.69, 0.22):(768.0, 50.0)
(-8.89, 0.24):(1486.0, 50.0)
(4.67, 0.22):(50.0, 432.0)
(-9.02, 0.22):(1486.0, 432.0)
(2.23, 0.2):(50.0, 814.0)
(-4.45, 0.21):(768.0, 814.0)
(-5.4, 0.22):(1486.0, 814.0)


(-3.67, 1.02):(768.0, 432.0)
(9.74, 7.25):(50.0, 50.0)
(-2.59, 9.05):(768.0, 50.0)
(-11.56, 7.92):(1486.0, 50.0)
(7.41, 3.36):(50.0, 432.0)
(-7.78, -0.21):(1486.0, 432.0)
(5.37, -2.6):(50.0, 814.0)
(-4.04, -2.32):(768.0, 814.0)
(-7.65, -0.22):(1486.0, 814.0)

(-2.82, 0.33):(768.0, 432.0)
(5.05, 3.84):(50.0, 50.0)
(-4.11, 7.79):(768.0, 50.0)
(-10.15, 4.05):(1486.0, 50.0)
(5.93, -5.1):(50.0, 432.0)
(-10.05, -6.28):(1486.0, 432.0)
(4.57, -6.52):(50.0, 814.0)
(-8.03, -6.58):(768.0, 814.0)
(-13.1, -6.91):(1486.0, 814.0)

(-3.36, 1.09):(768.0, 432.0)
(5.22, 3.58):(50.0, 50.0)
(-2.69, 3.02):(768.0, 50.0)
(-8.89, 1.29):(1486.0, 50.0)
(4.67, 1.08):(50.0, 432.0)
(-9.02, -1.69):(1486.0, 432.0)
(2.23, -2.44):(50.0, 814.0)
(-4.45, -3.78):(768.0, 814.0)
(-5.4, -6.55):(1486.0, 814.0)

(-3.67, 0.26):(768.0, 432.0)
(9.74, 0.27):(50.0, 50.0)
(-2.59, 0.29):(768.0, 50.0)
(-11.56, 0.29):(1486.0, 50.0)
(7.41, 0.26):(50.0, 432.0)
(-7.78, 0.24):(1486.0, 432.0)
(5.37, 0.23):(50.0, 814.0)
(-4.04, 0.24):(768.0, 814.0)
(-7.65, 0.25):(1486.0, 814.0)

(-2.82, 0.26):(768.0, 432.0)
(5.05, 0.26):(50.0, 50.0)
(-4.11, 0.28):(768.0, 50.0)
(-10.15, 0.29):(1486.0, 50.0)
(5.93, 0.21):(50.0, 432.0)
(-10.05, 0.23):(1486.0, 432.0)
(4.57, 0.22):(50.0, 814.0)
(-8.03, 0.21):(768.0, 814.0)
(-13.1, 0.21):(1486.0, 814.0)

(-3.36, 0.23):(768.0, 432.0)
(5.22, 0.23):(50.0, 50.0)
(-2.69, 0.22):(768.0, 50.0)
(-8.89, 0.24):(1486.0, 50.0)
(4.67, 0.22):(50.0, 432.0)
(-9.02, 0.22):(1486.0, 432.0)
(2.23, 0.2):(50.0, 814.0)
(-4.45, 0.21):(768.0, 814.0)
(-5.4, 0.22):(1486.0, 814.0)

(-3.67, 1.02):(768.0, 432.0)
(9.74, 7.25):(50.0, 50.0)
(-2.59, 9.05):(768.0, 50.0)
(-11.56, 7.92):(1486.0, 50.0)
(7.41, 3.36):(50.0, 432.0)
(-7.78, -0.21):(1486.0, 432.0)
(5.37, -2.6):(50.0, 814.0)
(-4.04, -2.32):(768.0, 814.0)
(-7.65, -0.22):(1486.0, 814.0)

(-2.82, 0.33):(768.0, 432.0)
(5.05, 3.84):(50.0, 50.0)
(-4.11, 7.79):(768.0, 50.0)
(-10.15, 4.05):(1486.0, 50.0)
(5.93, -5.1):(50.0, 432.0)
(-10.05, -6.28):(1486.0, 432.0)
(4.57, -6.52):(50.0, 814.0)
(-8.03, -6.58):(768.0, 814.0)
(-13.1, -6.91):(1486.0, 814.0)

(-3.36, 1.09):(768.0, 432.0)
(5.22, 3.58):(50.0, 50.0)
(-2.69, 3.02):(768.0, 50.0)
(-8.89, 1.29):(1486.0, 50.0)
(4.67, 1.08):(50.0, 432.0)
(-9.02, -1.69):(1486.0, 432.0)
(2.23, -2.44):(50.0, 814.0)
(-4.45, -3.78):(768.0, 814.0)
(-5.4, -6.55):(1486.0, 814.0)


(-3.67, 1.02):(768.0, 432.0)
(9.74, 7.25):(50.0, 50.0)
(-2.59, 9.05):(768.0, 50.0)
(-11.56, 7.92):(1486.0, 50.0)
(7.41, 3.36):(50.0, 432.0)
(-7.78, -0.21):(1486.0, 432.0)
(5.37, -2.6):(50.0, 814.0)
(-4.04, -2.32):(768.0, 814.0)
(-7.65, -0.22):(1486.0, 814.0)

(-2.82, 0.33):(768.0, 432.0)
(5.05, 3.84):(50.0, 50.0)
(-4.11, 7.79):(768.0, 50.0)
(-10.15, 4.05):(1486.0, 50.0)
(5.93, -5.1):(50.0, 432.0)
(-10.05, -6.28):(1486.0, 432.0)
(4.57, -6.52):(50.0, 814.0)
(-8.03, -6.58):(768.0, 814.0)
(-13.1, -6.91):(1486.0, 814.0)

(-3.36, 1.09):(768.0, 432.0)
(5.22, 3.58):(50.0, 50.0)
(-2.69, 3.02):(768.0, 50.0)
(-8.89, 1.29):(1486.0, 50.0)
(4.67, 1.08):(50.0, 432.0)
(-9.02, -1.69):(1486.0, 432.0)
(2.23, -2.44):(50.0, 814.0)
(-4.45, -3.78):(768.0, 814.0)
(-5.4, -6.55):(1486.0, 814.0)


(-4.71, 0.76):(768.0, 432.0)
(-0.57, 1.79):(50.0, 50.0)
(-4.83, 4.39):(768.0, 50.0)
(-8.59, 1.64):(1486.0, 50.0)
(3.18, -0.49):(50.0, 432.0)
(-9.44, -0.16):(1486.0, 432.0)
(1.23, -3.98):(50.0, 814.0)
(-4.03, -3.68):(768.0, 814.0)
(-8.0, -3.71):(1486.0, 814.0)

(-3.93, 1.13):(768.0, 432.0)
(1.64, 1.85):(50.0, 50.0)
(-4.62, 3.57):(768.0, 50.0)
(-9.03, 3.72):(1486.0, 50.0)
(0.99, -0.34):(50.0, 432.0)
(-7.2, 1.15):(1486.0, 432.0)
(1.36, -3.61):(50.0, 814.0)
(-2.72, -1.04):(768.0, 814.0)
(-8.08, -4.72):(1486.0, 814.0)

(-3.54, 0.85):(768.0, 432.0)
(4.6, 4.3):(50.0, 50.0)
(-2.57, 5.97):(768.0, 50.0)
(-8.34, 2.05):(1486.0, 50.0)
(1.46, 0.61):(50.0, 432.0)
(-6.56, 1.62):(1486.0, 432.0)
(1.06, -2.56):(50.0, 814.0)
(-2.95, -2.62):(768.0, 814.0)
(-8.71, -4.03):(1486.0, 814.0)


(-4.66, 0.72):(768.0, 432.0)
(-0.58, 1.92):(50.0, 50.0)
(-4.85, 4.52):(768.0, 50.0)
(-8.61, 1.77):(1486.0, 50.0)
(3.17, -0.36):(50.0, 432.0)
(-9.45, -0.03):(1486.0, 432.0)
(1.22, -3.85):(50.0, 814.0)
(-4.04, -3.55):(768.0, 814.0)
(-8.01, -3.58):(1486.0, 814.0)

(-3.93, 1.13):(768.0, 432.0)
(1.64, 1.85):(50.0, 50.0)
(-4.62, 3.57):(768.0, 50.0)
(-9.03, 3.72):(1486.0, 50.0)
(0.99, -0.34):(50.0, 432.0)
(-7.2, 1.15):(1486.0, 432.0)
(1.36, -3.61):(50.0, 814.0)
(-2.72, -1.04):(768.0, 814.0)
(-8.08, -4.72):(1486.0, 814.0)

(-3.54, 0.85):(768.0, 432.0)
(4.6, 4.3):(50.0, 50.0)
(-2.57, 5.97):(768.0, 50.0)
(-8.34, 2.05):(1486.0, 50.0)
(1.46, 0.61):(50.0, 432.0)
(-6.56, 1.62):(1486.0, 432.0)
(1.06, -2.56):(50.0, 814.0)
(-2.95, -2.62):(768.0, 814.0)
(-8.71, -4.03):(1486.0, 814.0)


(-6.14, 0.79):(768.0, 432.0)
(-0.57, 1.79):(50.0, 50.0)
(-6.07, 4.29):(768.0, 50.0)
(-8.27, 1.31):(1486.0, 50.0)
(1.9, 0.05):(50.0, 432.0)
(-9.57, 0.36):(1486.0, 432.0)
(0.85, -3.74):(50.0, 814.0)
(-4.62, -3.59):(768.0, 814.0)
(-8.27, -3.41):(1486.0, 814.0)

(-5.16, 1.41):(768.0, 432.0)
(0.92, 1.57):(50.0, 50.0)
(-5.98, 3.79):(768.0, 50.0)
(-8.38, 3.09):(1486.0, 50.0)
(0.67, -0.31):(50.0, 432.0)
(-7.53, 1.22):(1486.0, 432.0)
(0.72, -3.18):(50.0, 814.0)
(-3.53, -0.88):(768.0, 814.0)
(-8.48, -3.83):(1486.0, 814.0)

(-4.72, 0.66):(768.0, 432.0)
(3.08, 4.22):(50.0, 50.0)
(-2.97, 5.41):(768.0, 50.0)
(-8.67, 1.86):(1486.0, 50.0)
(1.13, 0.68):(50.0, 432.0)
(-7.07, 1.98):(1486.0, 432.0)
(0.98, -2.77):(50.0, 814.0)
(-3.87, -2.82):(768.0, 814.0)
(-9.12, -2.92):(1486.0, 814.0)


(-6.14, 0.79):(768.0, 432.0)
(-0.57, 1.79):(50.0, 50.0)
(-6.07, 4.29):(768.0, 50.0)
(-8.27, 1.31):(1486.0, 50.0)
(1.9, 0.05):(50.0, 432.0)
(-9.57, 0.36):(1486.0, 432.0)
(0.85, -3.74):(50.0, 814.0)
(-4.62, -3.59):(768.0, 814.0)
(-8.27, -3.41):(1486.0, 814.0)

(-5.16, 1.41):(768.0, 432.0)
(0.92, 1.57):(50.0, 50.0)
(-5.98, 3.79):(768.0, 50.0)
(-8.38, 3.09):(1486.0, 50.0)
(0.67, -0.31):(50.0, 432.0)
(-7.53, 1.22):(1486.0, 432.0)
(0.72, -3.18):(50.0, 814.0)
(-3.53, -0.88):(768.0, 814.0)
(-8.48, -3.83):(1486.0, 814.0)

(-4.72, 0.66):(768.0, 432.0)
(3.08, 4.22):(50.0, 50.0)
(-2.97, 5.41):(768.0, 50.0)
(-8.67, 1.86):(1486.0, 50.0)
(1.13, 0.68):(50.0, 432.0)
(-7.07, 1.98):(1486.0, 432.0)
(0.98, -2.77):(50.0, 814.0)
(-3.87, -2.82):(768.0, 814.0)
(-9.12, -2.92):(1486.0, 814.0)


(-4.71, 0.76):(768.0, 432.0)
(-0.57, 1.79):(50.0, 50.0)
(-4.83, 4.39):(768.0, 50.0)
(-8.59, 1.64):(1486.0, 50.0)
(3.18, -0.49):(50.0, 432.0)
(-9.44, -0.16):(1486.0, 432.0)
(1.23, -3.98):(50.0, 814.0)
(-4.03, -3.68):(768.0, 814.0)
(-8.0, -3.71):(1486.0, 814.0)

(-3.93, 1.13):(768.0, 432.0)
(1.64, 1.85):(50.0, 50.0)
(-4.62, 3.57):(768.0, 50.0)
(-9.03, 3.72):(1486.0, 50.0)
(0.99, -0.34):(50.0, 432.0)
(-7.2, 1.15):(1486.0, 432.0)
(1.36, -3.61):(50.0, 814.0)
(-2.72, -1.04):(768.0, 814.0)
(-8.08, -4.72):(1486.0, 814.0)

(-3.54, 0.85):(768.0, 432.0)
(4.6, 4.3):(50.0, 50.0)
(-2.57, 5.97):(768.0, 50.0)
(-8.34, 2.05):(1486.0, 50.0)
(1.46, 0.61):(50.0, 432.0)
(-6.56, 1.62):(1486.0, 432.0)
(1.06, -2.56):(50.0, 814.0)
(-2.95, -2.62):(768.0, 814.0)
(-8.71, -4.03):(1486.0, 814.0)


(-6.14, 0.79):(768.0, 432.0)
(-0.57, 1.79):(50.0, 50.0)
(-6.07, 4.29):(768.0, 50.0)
(-8.27, 1.31):(1486.0, 50.0)
(1.9, 0.05):(50.0, 432.0)
(-9.57, 0.36):(1486.0, 432.0)
(0.85, -3.74):(50.0, 814.0)
(-4.62, -3.59):(768.0, 814.0)
(-8.27, -3.41):(1486.0, 814.0)

(-5.16, 1.41):(768.0, 432.0)
(0.92, 1.57):(50.0, 50.0)
(-5.98, 3.79):(768.0, 50.0)
(-8.38, 3.09):(1486.0, 50.0)
(0.67, -0.31):(50.0, 432.0)
(-7.53, 1.22):(1486.0, 432.0)
(0.72, -3.18):(50.0, 814.0)
(-3.53, -0.88):(768.0, 814.0)
(-8.48, -3.83):(1486.0, 814.0)

(-4.72, 0.66):(768.0, 432.0)
(3.08, 4.22):(50.0, 50.0)
(-2.97, 5.41):(768.0, 50.0)
(-8.67, 1.86):(1486.0, 50.0)
(1.13, 0.68):(50.0, 432.0)
(-7.07, 1.98):(1486.0, 432.0)
(0.98, -2.77):(50.0, 814.0)
(-3.87, -2.82):(768.0, 814.0)
(-9.12, -2.92):(1486.0, 814.0)


(-4.71, 0.76):(768.0, 432.0)
(-0.57, 1.79):(50.0, 50.0)
(-4.83, 4.39):(768.0, 50.0)
(-8.59, 1.64):(1486.0, 50.0)
(3.18, -0.49):(50.0, 432.0)
(-9.44, -0.16):(1486.0, 432.0)
(1.23, -3.98):(50.0, 814.0)
(-4.03, -3.68):(768.0, 814.0)
(-8.0, -3.71):(1486.0, 814.0)

(-3.93, 1.13):(768.0, 432.0)
(1.64, 1.85):(50.0, 50.0)
(-4.62, 3.57):(768.0, 50.0)
(-9.03, 3.72):(1486.0, 50.0)
(0.99, -0.34):(50.0, 432.0)
(-7.2, 1.15):(1486.0, 432.0)
(1.36, -3.61):(50.0, 814.0)
(-2.72, -1.04):(768.0, 814.0)
(-8.08, -4.72):(1486.0, 814.0)

(-3.54, 0.85):(768.0, 432.0)
(4.6, 4.3):(50.0, 50.0)
(-2.57, 5.97):(768.0, 50.0)
(-8.34, 2.05):(1486.0, 50.0)
(1.46, 0.61):(50.0, 432.0)
(-6.56, 1.62):(1486.0, 432.0)
(1.06, -2.56):(50.0, 814.0)
(-2.95, -2.62):(768.0, 814.0)
(-8.71, -4.03):(1486.0, 814.0)


(-4.71, 0.76):(768.0, 432.0)
(-0.57, 1.79):(50.0, 50.0)
(-4.83, 4.39):(768.0, 50.0)
(-8.59, 1.64):(1486.0, 50.0)
(3.18, -0.49):(50.0, 432.0)
(-9.44, -0.16):(1486.0, 432.0)
(1.23, -3.98):(50.0, 814.0)
(-4.03, -3.68):(768.0, 814.0)
(-8.0, -3.71):(1486.0, 814.0)

(-3.93, 1.13):(768.0, 432.0)
(1.64, 1.85):(50.0, 50.0)
(-4.62, 3.57):(768.0, 50.0)
(-9.03, 3.72):(1486.0, 50.0)
(0.99, -0.34):(50.0, 432.0)
(-7.2, 1.15):(1486.0, 432.0)
(1.36, -3.61):(50.0, 814.0)
(-2.72, -1.04):(768.0, 814.0)
(-8.08, -4.72):(1486.0, 814.0)

(-3.54, 0.85):(768.0, 432.0)
(4.6, 4.3):(50.0, 50.0)
(-2.57, 5.97):(768.0, 50.0)
(-8.34, 2.05):(1486.0, 50.0)
(1.46, 0.61):(50.0, 432.0)
(-6.56, 1.62):(1486.0, 432.0)
(1.06, -2.56):(50.0, 814.0)
(-2.95, -2.62):(768.0, 814.0)
(-8.71, -4.03):(1486.0, 814.0)


(-4.71, 0.76):(768.0, 432.0)
(-0.57, 1.79):(50.0, 50.0)
(-4.83, 4.39):(768.0, 50.0)
(-8.59, 1.64):(1486.0, 50.0)
(3.18, -0.49):(50.0, 432.0)
(-9.44, -0.16):(1486.0, 432.0)
(1.23, -3.98):(50.0, 814.0)
(-4.03, -3.68):(768.0, 814.0)
(-8.0, -3.71):(1486.0, 814.0)

(-3.93, 1.13):(768.0, 432.0)
(1.64, 1.85):(50.0, 50.0)
(-4.62, 3.57):(768.0, 50.0)
(-9.03, 3.72):(1486.0, 50.0)
(0.99, -0.34):(50.0, 432.0)
(-7.2, 1.15):(1486.0, 432.0)
(1.36, -3.61):(50.0, 814.0)
(-2.72, -1.04):(768.0, 814.0)
(-8.08, -4.72):(1486.0, 814.0)

(-3.54, 0.85):(768.0, 432.0)
(4.6, 4.3):(50.0, 50.0)
(-2.57, 5.97):(768.0, 50.0)
(-8.34, 2.05):(1486.0, 50.0)
(1.46, 0.61):(50.0, 432.0)
(-6.56, 1.62):(1486.0, 432.0)
(1.06, -2.56):(50.0, 814.0)
(-2.95, -2.62):(768.0, 814.0)
(-8.71, -4.03):(1486.0, 814.0)


(-2.98, 1.71):(768.0, 432.0)
(3.31, 0.62):(50.0, 50.0)
(-2.17, 5.49):(768.0, 50.0)
(-7.17, 2.4):(1486.0, 50.0)
(4.43, 0.55):(50.0, 432.0)
(-6.81, 0.87):(1486.0, 432.0)
(4.35, -2.71):(50.0, 814.0)
(-1.06, -2.68):(768.0, 814.0)
(-7.5, -2.22):(1486.0, 814.0)

(-2.11, 1.48):(768.0, 432.0)
(4.53, 2.37):(50.0, 50.0)
(-2.41, 3.97):(768.0, 50.0)
(-8.3, 4.92):(1486.0, 50.0)
(4.25, 0.57):(50.0, 432.0)
(-7.25, 0.36):(1486.0, 432.0)
(4.46, -2.39):(50.0, 814.0)
(0.12, -0.19):(768.0, 814.0)
(-6.89, -3.43):(1486.0, 814.0)

(-1.46, 0.9):(768.0, 432.0)
(6.08, 4.42):(50.0, 50.0)
(0.05, 5.47):(768.0, 50.0)
(-5.83, 2.64):(1486.0, 50.0)
(4.65, 1.04):(50.0, 432.0)
(-5.81, 1.35):(1486.0, 432.0)
(4.53, -2.16):(50.0, 814.0)
(-0.35, -2.54):(768.0, 814.0)
(-6.22, -2.75):(1486.0, 814.0)


(-2.98, 1.71):(768.0, 432.0)
(3.31, 0.62):(50.0, 50.0)
(-2.17, 5.49):(768.0, 50.0)
(-7.17, 2.4):(1486.0, 50.0)
(4.43, 0.55):(50.0, 432.0)
(-6.81, 0.87):(1486.0, 432.0)
(4.35, -2.71):(50.0, 814.0)
(-1.06, -2.68):(768.0, 814.0)
(-7.5, -2.22):(1486.0, 814.0)

(-2.11, 1.48):(768.0, 432.0)
(4.53, 2.37):(50.0, 50.0)
(-2.41, 3.97):(768.0, 50.0)
(-8.3, 4.92):(1486.0, 50.0)
(4.25, 0.57):(50.0, 432.0)
(-7.25, 0.36):(1486.0, 432.0)
(4.46, -2.39):(50.0, 814.0)
(0.12, -0.19):(768.0, 814.0)
(-6.89, -3.43):(1486.0, 814.0)

(-1.46, 0.9):(768.0, 432.0)
(6.08, 4.42):(50.0, 50.0)
(0.05, 5.47):(768.0, 50.0)
(-5.83, 2.64):(1486.0, 50.0)
(4.65, 1.04):(50.0, 432.0)
(-5.81, 1.35):(1486.0, 432.0)
(4.53, -2.16):(50.0, 814.0)
(-0.35, -2.54):(768.0, 814.0)
(-6.22, -2.75):(1486.0, 814.0)


(-2.98, 1.71):(768.0, 432.0)
(3.31, 0.62):(50.0, 50.0)
(-2.17, 5.49):(768.0, 50.0)
(-7.17, 2.4):(1486.0, 50.0)
(4.43, 0.55):(50.0, 432.0)
(-6.81, 0.87):(1486.0, 432.0)
(4.35, -2.71):(50.0, 814.0)
(-1.06, -2.68):(768.0, 814.0)
(-7.5, -2.22):(1486.0, 814.0)

(-2.11, 1.48):(768.0, 432.0)
(4.53, 2.37):(50.0, 50.0)
(-2.41, 3.97):(768.0, 50.0)
(-8.3, 4.92):(1486.0, 50.0)
(4.25, 0.57):(50.0, 432.0)
(-7.25, 0.36):(1486.0, 432.0)
(4.46, -2.39):(50.0, 814.0)
(0.12, -0.19):(768.0, 814.0)
(-6.89, -3.43):(1486.0, 814.0)

(-1.46, 0.9):(768.0, 432.0)
(6.08, 4.42):(50.0, 50.0)
(0.05, 5.47):(768.0, 50.0)
(-5.83, 2.64):(1486.0, 50.0)
(4.65, 1.04):(50.0, 432.0)
(-5.81, 1.35):(1486.0, 432.0)
(4.53, -2.16):(50.0, 814.0)
(-0.35, -2.54):(768.0, 814.0)
(-6.22, -2.75):(1486.0, 814.0)


(-2.98, 1.71):(768.0, 432.0)
(3.31, 0.62):(50.0, 50.0)
(-2.17, 5.49):(768.0, 50.0)
(-7.17, 2.4):(1486.0, 50.0)
(4.43, 0.55):(50.0, 432.0)
(-6.81, 0.87):(1486.0, 432.0)
(4.35, -2.71):(50.0, 814.0)
(-1.06, -2.68):(768.0, 814.0)
(-7.5, -2.22):(1486.0, 814.0)

(-2.11, 1.48):(768.0, 432.0)
(4.53, 2.37):(50.0, 50.0)
(-2.41, 3.97):(768.0, 50.0)
(-8.3, 4.92):(1486.0, 50.0)
(4.25, 0.57):(50.0, 432.0)
(-7.25, 0.36):(1486.0, 432.0)
(4.46, -2.39):(50.0, 814.0)
(0.12, -0.19):(768.0, 814.0)
(-6.89, -3.43):(1486.0, 814.0)

(-1.46, 0.9):(768.0, 432.0)
(6.08, 4.42):(50.0, 50.0)
(0.05, 5.47):(768.0, 50.0)
(-5.83, 2.64):(1486.0, 50.0)
(4.65, 1.04):(50.0, 432.0)
(-5.81, 1.35):(1486.0, 432.0)
(4.53, -2.16):(50.0, 814.0)
(-0.35, -2.54):(768.0, 814.0)
(-6.22, -2.75):(1486.0, 814.0)


(-4.71, 0.76):(768.0, 432.0)
(-0.57, 1.79):(50.0, 50.0)
(-4.83, 4.39):(768.0, 50.0)
(-8.59, 1.64):(1486.0, 50.0)
(3.18, -0.49):(50.0, 432.0)
(-9.44, -0.16):(1486.0, 432.0)
(1.23, -3.98):(50.0, 814.0)
(-4.03, -3.68):(768.0, 814.0)
(-8.0, -3.71):(1486.0, 814.0)

(-3.93, 1.13):(768.0, 432.0)
(1.64, 1.85):(50.0, 50.0)
(-4.62, 3.57):(768.0, 50.0)
(-9.03, 3.72):(1486.0, 50.0)
(0.99, -0.34):(50.0, 432.0)
(-7.2, 1.15):(1486.0, 432.0)
(1.36, -3.61):(50.0, 814.0)
(-2.72, -1.04):(768.0, 814.0)
(-8.08, -4.72):(1486.0, 814.0)

(-3.54, 0.85):(768.0, 432.0)
(4.6, 4.3):(50.0, 50.0)
(-2.57, 5.97):(768.0, 50.0)
(-8.34, 2.05):(1486.0, 50.0)
(1.46, 0.61):(50.0, 432.0)
(-6.56, 1.62):(1486.0, 432.0)
(1.06, -2.56):(50.0, 814.0)
(-2.95, -2.62):(768.0, 814.0)
(-8.71, -4.03):(1486.0, 814.0)


(-2.95, 1.82):(768.0, 432.0)
(3.31, 0.26):(50.0, 50.0)
(-2.17, 5.13):(768.0, 50.0)
(-7.56, 2.16):(1486.0, 50.0)
(4.43, 0.2):(50.0, 432.0)
(-7.32, 0.56):(1486.0, 432.0)
(4.32, -3.06):(50.0, 814.0)
(-1.05, -2.58):(768.0, 814.0)
(-8.0, -2.56):(1486.0, 814.0)

(-1.87, 1.74):(768.0, 432.0)
(4.48, 2.39):(50.0, 50.0)
(-2.38, 4.41):(768.0, 50.0)
(-8.23, 5.18):(1486.0, 50.0)
(4.16, 0.54):(50.0, 432.0)
(-7.31, 1.06):(1486.0, 432.0)
(4.47, -2.54):(50.0, 814.0)
(0.14, -0.26):(768.0, 814.0)
(-7.18, -3.21):(1486.0, 814.0)

(-1.31, 1.29):(768.0, 432.0)
(5.9, 4.73):(50.0, 50.0)
(0.05, 6.06):(768.0, 50.0)
(-5.72, 2.44):(1486.0, 50.0)
(4.52, 1.05):(50.0, 432.0)
(-6.2, 1.81):(1486.0, 432.0)
(4.46, -1.84):(50.0, 814.0)
(-0.18, -1.96):(768.0, 814.0)
(-6.45, -2.32):(1486.0, 814.0)


(-2.95, 1.82):(768.0, 432.0)
(3.31, 0.26):(50.0, 50.0)
(-2.17, 5.11):(768.0, 50.0)
(-7.77, 2.17):(1486.0, 50.0)
(4.43, 0.2):(50.0, 432.0)
(-7.43, 0.56):(1486.0, 432.0)
(4.32, -3.06):(50.0, 814.0)
(-1.05, -2.58):(768.0, 814.0)
(-8.13, -2.71):(1486.0, 814.0)

(-1.87, 1.74):(768.0, 432.0)
(4.48, 2.39):(50.0, 50.0)
(-2.39, 4.46):(768.0, 50.0)
(-8.21, 4.94):(1486.0, 50.0)
(4.16, 0.54):(50.0, 432.0)
(-7.46, 1.12):(1486.0, 432.0)
(4.47, -2.54):(50.0, 814.0)
(0.14, -0.26):(768.0, 814.0)
(-7.19, -3.05):(1486.0, 814.0)

(-1.31, 1.29):(768.0, 432.0)
(5.9, 4.73):(50.0, 50.0)
(0.05, 6.06):(768.0, 50.0)
(-5.72, 2.39):(1486.0, 50.0)
(4.52, 1.05):(50.0, 432.0)
(-6.21, 1.87):(1486.0, 432.0)
(4.46, -1.84):(50.0, 814.0)
(-0.15, -1.96):(768.0, 814.0)
(-6.42, -2.16):(1486.0, 814.0)


(-1.1, 2.7):(768.0, 432.0)
(2.11, 2.69):(50.0, 50.0)
(0.51, 6.64):(768.0, 50.0)
(-5.27, 3.03):(1486.0, 50.0)
(4.47, 1.13):(50.0, 432.0)
(-4.55, 1.87):(1486.0, 432.0)
(4.81, -4.42):(50.0, 814.0)
(-0.13, -3.23):(768.0, 814.0)
(-5.59, -2.35):(1486.0, 814.0)

(0.23, 2.7):(768.0, 432.0)
(5.36, 2.58):(50.0, 50.0)
(0.22, 5.32):(768.0, 50.0)
(3.53, 7.12):(1486.0, 50.0)
(5.68, 0.44):(50.0, 432.0)
(-5.76, 1.86):(1486.0, 432.0)
(5.33, -3.29):(50.0, 814.0)
(1.25, -0.37):(768.0, 814.0)
(-5.0, -3.16):(1486.0, 814.0)

(0.44, 1.85):(768.0, 432.0)
(5.98, 6.51):(50.0, 50.0)
(1.59, 7.31):(768.0, 50.0)
(-4.78, 2.39):(1486.0, 50.0)
(5.8, 1.18):(50.0, 432.0)
(-4.7, 1.82):(1486.0, 432.0)
(5.31, -1.58):(50.0, 814.0)
(1.01, -1.93):(768.0, 814.0)
(-4.19, -3.14):(1486.0, 814.0)


(-1.1, 2.7):(768.0, 432.0)
(2.11, 2.69):(50.0, 50.0)
(0.51, 6.64):(768.0, 50.0)
(-5.27, 3.03):(1486.0, 50.0)
(4.47, 1.13):(50.0, 432.0)
(-4.55, 1.87):(1486.0, 432.0)
(4.5, -4.47):(50.0, 814.0)
(-0.13, -3.23):(768.0, 814.0)
(-5.59, -2.35):(1486.0, 814.0)

(0.23, 2.7):(768.0, 432.0)
(5.36, 2.58):(50.0, 50.0)
(0.22, 5.32):(768.0, 50.0)
(1.47, 3.68):(1486.0, 50.0)
(5.68, 0.44):(50.0, 432.0)
(-5.76, 1.86):(1486.0, 432.0)
(5.33, -3.29):(50.0, 814.0)
(1.25, -0.37):(768.0, 814.0)
(-5.0, -3.16):(1486.0, 814.0)

(0.44, 1.85):(768.0, 432.0)
(5.98, 6.51):(50.0, 50.0)
(1.59, 7.31):(768.0, 50.0)
(-4.78, 2.39):(1486.0, 50.0)
(5.8, 1.18):(50.0, 432.0)
(-4.7, 1.82):(1486.0, 432.0)
(4.83, -1.62):(50.0, 814.0)
(1.01, -1.93):(768.0, 814.0)
(-4.19, -3.14):(1486.0, 814.0)


(-1.1, 2.7):(768.0, 432.0)
(2.11, 2.69):(50.0, 50.0)
(0.51, 6.64):(768.0, 50.0)
(-5.27, 3.03):(1486.0, 50.0)
(4.47, 1.13):(50.0, 432.0)
(-4.55, 1.87):(1486.0, 432.0)
(4.84, -4.47):(50.0, 814.0)
(-0.13, -3.23):(768.0, 814.0)
(-5.59, -2.35):(1486.0, 814.0)

(0.23, 2.7):(768.0, 432.0)
(5.36, 2.58):(50.0, 50.0)
(0.22, 5.32):(768.0, 50.0)
(1.52, 6.02):(1486.0, 50.0)
(5.68, 0.44):(50.0, 432.0)
(-5.76, 1.86):(1486.0, 432.0)
(5.33, -3.29):(50.0, 814.0)
(1.25, -0.37):(768.0, 814.0)
(-5.0, -3.16):(1486.0, 814.0)

(0.44, 1.85):(768.0, 432.0)
(5.98, 6.51):(50.0, 50.0)
(1.59, 7.31):(768.0, 50.0)
(-4.78, 2.39):(1486.0, 50.0)
(5.8, 1.18):(50.0, 432.0)
(-4.7, 1.82):(1486.0, 432.0)
(5.41, -1.55):(50.0, 814.0)
(1.01, -1.93):(768.0, 814.0)
(-4.19, -3.14):(1486.0, 814.0)


(-0.85, 2.57):(768.0, 432.0)
(3.05, 1.67):(50.0, 50.0)
(-0.75, 5.47):(768.0, 50.0)
(-6.77, 2.48):(1486.0, 50.0)
(4.89, 0.7):(50.0, 432.0)
(-5.5, 0.9):(1486.0, 432.0)
(4.89, -4.05):(50.0, 814.0)
(-0.08, -3.49):(768.0, 814.0)
(-6.04, -2.75):(1486.0, 814.0)

(0.38, 2.42):(768.0, 432.0)
(5.38, 2.5):(50.0, 50.0)
(-0.69, 4.77):(768.0, 50.0)
(-4.66, 3.8):(1486.0, 50.0)
(5.35, 0.2):(50.0, 432.0)
(-6.1, 1.28):(1486.0, 432.0)
(5.29, -3.43):(50.0, 814.0)
(1.25, -0.56):(768.0, 814.0)
(-5.72, -3.31):(1486.0, 814.0)

(0.59, 1.61):(768.0, 432.0)
(6.31, 5.41):(50.0, 50.0)
(1.43, 6.56):(768.0, 50.0)
(-4.76, 2.6):(1486.0, 50.0)
(5.8, 1.0):(50.0, 432.0)
(-4.78, 1.59):(1486.0, 432.0)
(5.03, -2.07):(50.0, 814.0)
(1.16, -2.04):(768.0, 814.0)
(-4.93, -3.34):(1486.0, 814.0)


(2.7, 2.43):(768.0, 432.0)
(7.03, 7.03):(50.0, 50.0)
(2.17, 10.54):(768.0, 50.0)
(-3.59, 10.12):(1486.0, 50.0)
(9.43, 6.36):(50.0, 432.0)
(-9.91, -2.36):(1486.0, 432.0)
(7.03, -3.73):(50.0, 814.0)
(2.2, -1.48):(768.0, 814.0)
(-5.36, -5.36):(1486.0, 814.0)

(1.05, 1.97):(768.0, 432.0)
(7.58, 7.89):(50.0, 50.0)
(2.98, 5.75):(768.0, 50.0)
(-2.59, 6.46):(1486.0, 50.0)
(9.02, 3.37):(50.0, 432.0)
(-3.12, 2.71):(1486.0, 432.0)
(7.9, 0.63):(50.0, 814.0)
(2.36, -1.27):(768.0, 814.0)
(-3.9, -1.24):(1486.0, 814.0)

(2.32, 2.82):(768.0, 432.0)
(7.53, 4.11):(50.0, 50.0)
(2.58, 6.0):(768.0, 50.0)
(-2.49, 7.89):(1486.0, 50.0)
(8.31, -0.9):(50.0, 432.0)
(-4.88, 1.12):(1486.0, 432.0)
(8.34, 0.15):(50.0, 814.0)
(2.61, 0.81):(768.0, 814.0)
(-2.01, 0.02):(1486.0, 814.0)


(-1.94, 1.56):(768.0, 432.0)
(6.24, 5.08):(50.0, 50.0)
(-2.03, 9.07):(768.0, 50.0)
(-8.71, 8.3):(1486.0, 50.0)
(8.67, 4.5):(50.0, 432.0)
(-12.73, -2.92):(1486.0, 432.0)
(3.06, -4.02):(50.0, 814.0)
(-2.57, -3.0):(768.0, 814.0)
(-8.68, -6.15):(1486.0, 814.0)

(-3.45, 1.02):(768.0, 432.0)
(6.84, 5.76):(50.0, 50.0)
(-0.98, 5.44):(768.0, 50.0)
(-6.56, 5.26):(1486.0, 50.0)
(7.35, 3.15):(50.0, 432.0)
(-6.88, 2.06):(1486.0, 432.0)
(5.28, 0.65):(50.0, 814.0)
(-2.68, -2.55):(768.0, 814.0)
(-7.17, -2.73):(1486.0, 814.0)

(-2.52, 1.23):(768.0, 432.0)
(6.92, 2.27):(50.0, 50.0)
(-1.1, 5.63):(768.0, 50.0)
(-7.2, 6.74):(1486.0, 50.0)
(0.5, 0.07):(50.0, 432.0)
(-8.33, 0.62):(1486.0, 432.0)
(7.16, -0.35):(50.0, 814.0)
(-1.44, -0.51):(768.0, 814.0)
(-6.18, -0.97):(1486.0, 814.0)


(-2.36, 1.68):(768.0, 432.0)
(3.59, 5.92):(50.0, 50.0)
(-1.99, 9.48):(768.0, 50.0)
(-8.93, 8.55):(1486.0, 50.0)
(6.11, 5.57):(50.0, 432.0)
(-12.7, -2.42):(1486.0, 432.0)
(2.79, -3.88):(50.0, 814.0)
(-3.15, -2.84):(768.0, 814.0)
(-8.68, -5.76):(1486.0, 814.0)

(-3.45, 1.04):(768.0, 432.0)
(4.42, 6.82):(50.0, 50.0)
(-1.04, 5.32):(768.0, 50.0)
(-6.37, 5.33):(1486.0, 50.0)
(5.19, 3.22):(50.0, 432.0)
(-6.87, 2.02):(1486.0, 432.0)
(4.13, 0.5):(50.0, 814.0)
(-2.65, -2.49):(768.0, 814.0)
(-7.17, -2.76):(1486.0, 814.0)

(-2.65, 1.15):(768.0, 432.0)
(4.06, 3.49):(50.0, 50.0)
(-1.33, 5.64):(768.0, 50.0)
(-6.69, 6.93):(1486.0, 50.0)
(-0.89, 0.42):(50.0, 432.0)
(-8.4, 0.73):(1486.0, 432.0)
(4.85, 0.03):(50.0, 814.0)
(-1.41, -0.47):(768.0, 814.0)
(-6.23, -0.87):(1486.0, 814.0)


(-2.11, 1.83):(768.0, 432.0)
(5.09, 5.68):(50.0, 50.0)
(-2.07, 9.44):(768.0, 50.0)
(-8.7, 8.69):(1486.0, 50.0)
(7.9, 5.29):(50.0, 432.0)
(-12.79, -2.5):(1486.0, 432.0)
(2.91, -3.66):(50.0, 814.0)
(-3.09, -2.81):(768.0, 814.0)
(-8.68, -5.76):(1486.0, 814.0)

(-3.45, 1.06):(768.0, 432.0)
(6.25, 5.88):(50.0, 50.0)
(-0.87, 5.34):(768.0, 50.0)
(-6.56, 5.28):(1486.0, 50.0)
(6.1, 3.43):(50.0, 432.0)
(-6.86, 2.12):(1486.0, 432.0)
(4.62, 1.01):(50.0, 814.0)
(-2.58, -2.4):(768.0, 814.0)
(-7.17, -2.72):(1486.0, 814.0)

(-2.61, 1.26):(768.0, 432.0)
(5.59, 2.97):(50.0, 50.0)
(-1.14, 5.75):(768.0, 50.0)
(-7.01, 6.89):(1486.0, 50.0)
(0.09, 0.17):(50.0, 432.0)
(-8.33, 0.72):(1486.0, 432.0)
(5.85, 0.2):(50.0, 814.0)
(-1.51, -0.57):(768.0, 814.0)
(-6.08, -0.72):(1486.0, 814.0)


(-1.94, 1.56):(768.0, 432.0)
(6.08, 5.72):(50.0, 50.0)
(-2.03, 9.07):(768.0, 50.0)
(-8.71, 8.3):(1486.0, 50.0)
(8.67, 4.5):(50.0, 432.0)
(-12.73, -2.92):(1486.0, 432.0)
(3.17, -3.71):(50.0, 814.0)
(-2.24, -2.81):(768.0, 814.0)
(-8.68, -6.15):(1486.0, 814.0)

(-3.45, 1.02):(768.0, 432.0)
(6.84, 5.76):(50.0, 50.0)
(-0.98, 5.44):(768.0, 50.0)
(-6.56, 5.26):(1486.0, 50.0)
(7.35, 3.15):(50.0, 432.0)
(-6.88, 2.06):(1486.0, 432.0)
(5.2, 0.48):(50.0, 814.0)
(-1.89, -2.0):(768.0, 814.0)
(-7.17, -2.73):(1486.0, 814.0)

(-2.52, 1.23):(768.0, 432.0)
(6.83, 2.68):(50.0, 50.0)
(-1.1, 5.63):(768.0, 50.0)
(-7.2, 6.74):(1486.0, 50.0)
(4.62, 0.62):(50.0, 432.0)
(-8.33, 0.62):(1486.0, 432.0)
(7.38, -0.28):(50.0, 814.0)
(-1.19, -0.33):(768.0, 814.0)
(-6.18, -0.97):(1486.0, 814.0)


(-2.11, 1.83):(768.0, 432.0)
(4.84, 6.07):(50.0, 50.0)
(-2.07, 9.44):(768.0, 50.0)
(-8.7, 8.69):(1486.0, 50.0)
(7.9, 5.29):(50.0, 432.0)
(-12.79, -2.5):(1486.0, 432.0)
(3.16, -3.27):(50.0, 814.0)
(-3.07, -2.69):(768.0, 814.0)
(-8.68, -5.76):(1486.0, 814.0)

(-3.45, 1.06):(768.0, 432.0)
(6.25, 5.88):(50.0, 50.0)
(-0.87, 5.34):(768.0, 50.0)
(-6.56, 5.28):(1486.0, 50.0)
(6.1, 3.43):(50.0, 432.0)
(-6.86, 2.12):(1486.0, 432.0)
(4.55, 0.88):(50.0, 814.0)
(-1.64, -1.65):(768.0, 814.0)
(-7.17, -2.72):(1486.0, 814.0)

(-2.61, 1.26):(768.0, 432.0)
(5.23, 3.33):(50.0, 50.0)
(-1.14, 5.75):(768.0, 50.0)
(-7.01, 6.89):(1486.0, 50.0)
(4.08, 0.7):(50.0, 432.0)
(-8.33, 0.72):(1486.0, 432.0)
(5.73, 0.38):(50.0, 814.0)
(-1.25, -0.42):(768.0, 814.0)
(-6.08, -0.72):(1486.0, 814.0)


(0.92, 1.57):(768.0, 432.0)
(7.55, 6.43):(50.0, 50.0)
(1.68, 10.01):(768.0, 50.0)
(-5.05, 8.53):(1486.0, 50.0)
(9.47, 6.29):(50.0, 432.0)
(-10.67, -2.28):(1486.0, 432.0)
(6.76, -3.17):(50.0, 814.0)
(0.68, -2.51):(768.0, 814.0)
(-6.39, -4.5):(1486.0, 814.0)

(0.05, 1.3):(768.0, 432.0)
(7.91, 7.64):(50.0, 50.0)
(2.98, 5.66):(768.0, 50.0)
(-3.18, 5.73):(1486.0, 50.0)
(9.1, 3.43):(50.0, 432.0)
(-3.92, 2.47):(1486.0, 432.0)
(7.9, 0.7):(50.0, 814.0)
(1.17, -2.22):(768.0, 814.0)
(-4.87, -1.58):(1486.0, 814.0)

(1.01, 1.25):(768.0, 432.0)
(7.94, 3.68):(50.0, 50.0)
(2.33, 5.65):(768.0, 50.0)
(-3.92, 7.23):(1486.0, 50.0)
(8.52, -1.23):(50.0, 432.0)
(-5.27, 1.07):(1486.0, 432.0)
(8.33, 0.54):(50.0, 814.0)
(2.28, -0.01):(768.0, 814.0)
(-3.5, 0.03):(1486.0, 814.0)


(-3.87, 1.47):(768.0, 432.0)
(5.18, 6.14):(50.0, 50.0)
(-0.94, 6.44):(768.0, 50.0)
(-6.03, 7.21):(1486.0, 50.0)
(6.07, 4.03):(50.0, 432.0)
(-7.04, 2.92):(1486.0, 432.0)
(2.63, -0.65):(50.0, 814.0)
(-4.38, -5.63):(768.0, 814.0)
(-7.5, -6.99):(1486.0, 814.0)

(-3.75, 0.19):(768.0, 432.0)
(5.94, 6.94):(50.0, 50.0)
(-0.56, 7.93):(768.0, 50.0)
(-6.75, 6.12):(1486.0, 50.0)
(6.49, 3.37):(50.0, 432.0)
(-7.17, 1.21):(1486.0, 432.0)
(3.1, -0.65):(50.0, 814.0)
(-3.42, -2.4):(768.0, 814.0)
(-7.94, -5.91):(1486.0, 814.0)

(-3.58, 0.84):(768.0, 432.0)
(5.63, 4.92):(50.0, 50.0)
(-1.17, 6.07):(768.0, 50.0)
(-7.18, 4.72):(1486.0, 50.0)
(5.42, 1.46):(50.0, 432.0)
(-8.02, 1.29):(1486.0, 432.0)
(1.82, -2.02):(50.0, 814.0)
(-4.48, -4.33):(768.0, 814.0)
(-8.15, -4.76):(1486.0, 814.0)


(-3.87, 1.47):(768.0, 432.0)
(5.18, 6.14):(50.0, 50.0)
(-1.01, 6.41):(768.0, 50.0)
(-6.03, 7.21):(1486.0, 50.0)
(6.07, 4.03):(50.0, 432.0)
(-7.04, 2.92):(1486.0, 432.0)
(2.63, -0.65):(50.0, 814.0)
(-4.38, -5.63):(768.0, 814.0)
(-8.62, -7.16):(1486.0, 814.0)

(-3.75, 0.19):(768.0, 432.0)
(5.94, 6.94):(50.0, 50.0)
(-0.56, 7.93):(768.0, 50.0)
(-6.96, 6.08):(1486.0, 50.0)
(6.43, 3.3):(50.0, 432.0)
(-7.17, 1.21):(1486.0, 432.0)
(3.1, -0.65):(50.0, 814.0)
(-3.42, -2.4):(768.0, 814.0)
(-7.94, -5.91):(1486.0, 814.0)

(-3.58, 0.84):(768.0, 432.0)
(5.59, 4.88):(50.0, 50.0)
(-1.17, 6.07):(768.0, 50.0)
(-7.46, 4.67):(1486.0, 50.0)
(5.42, 1.46):(50.0, 432.0)
(-8.02, 1.29):(1486.0, 432.0)
(1.82, -2.02):(50.0, 814.0)
(-4.48, -4.33):(768.0, 814.0)
(-8.15, -4.76):(1486.0, 814.0)


(-1.5, 1.33):(768.0, 432.0)
(7.09, 6.79):(50.0, 50.0)
(1.98, 6.79):(768.0, 50.0)
(-3.18, 7.63):(1486.0, 50.0)
(7.77, 4.77):(50.0, 432.0)
(-3.93, 3.89):(1486.0, 432.0)
(6.39, -0.45):(50.0, 814.0)
(-0.71, -4.99):(768.0, 814.0)
(-5.97, -5.22):(1486.0, 814.0)

(-1.22, 0.81):(768.0, 432.0)
(7.6, 7.99):(50.0, 50.0)
(2.44, 8.36):(768.0, 50.0)
(-3.5, 7.55):(1486.0, 50.0)
(7.81, 4.18):(50.0, 432.0)
(-4.43, 2.04):(1486.0, 432.0)
(6.24, -0.68):(50.0, 814.0)
(-0.65, -1.47):(768.0, 814.0)
(-5.69, -3.67):(1486.0, 814.0)

(-0.78, 0.89):(768.0, 432.0)
(6.87, 5.8):(50.0, 50.0)
(1.6, 6.24):(768.0, 50.0)
(-4.31, 5.82):(1486.0, 50.0)
(6.69, 2.56):(50.0, 432.0)
(-4.56, 1.84):(1486.0, 432.0)
(5.1, -2.31):(50.0, 814.0)
(-1.32, -3.54):(768.0, 814.0)
(-5.81, -3.04):(1486.0, 814.0)


(-3.87, 1.47):(768.0, 432.0)
(5.18, 6.14):(50.0, 50.0)
(-1.01, 6.41):(768.0, 50.0)
(-6.03, 7.21):(1486.0, 50.0)
(6.07, 4.03):(50.0, 432.0)
(-7.04, 2.92):(1486.0, 432.0)
(2.6, -0.7):(50.0, 814.0)
(-4.38, -5.63):(768.0, 814.0)
(-8.62, -7.16):(1486.0, 814.0)

(-3.75, 0.19):(768.0, 432.0)
(5.94, 6.94):(50.0, 50.0)
(-0.56, 7.93):(768.0, 50.0)
(-6.96, 6.08):(1486.0, 50.0)
(6.43, 3.3):(50.0, 432.0)
(-7.17, 1.21):(1486.0, 432.0)
(3.1, -0.65):(50.0, 814.0)
(-3.42, -2.4):(768.0, 814.0)
(-7.94, -5.91):(1486.0, 814.0)

(-3.58, 0.84):(768.0, 432.0)
(5.63, 4.92):(50.0, 50.0)
(-1.17, 6.07):(768.0, 50.0)
(-7.46, 4.67):(1486.0, 50.0)
(5.42, 1.46):(50.0, 432.0)
(-8.02, 1.29):(1486.0, 432.0)
(1.82, -2.02):(50.0, 814.0)
(-4.48, -4.33):(768.0, 814.0)
(-8.15, -4.76):(1486.0, 814.0)


(-3.87, 1.47):(768.0, 432.0)
(5.17, 6.09):(50.0, 50.0)
(-1.06, 6.43):(768.0, 50.0)
(-6.03, 7.21):(1486.0, 50.0)
(6.07, 4.03):(50.0, 432.0)
(-7.04, 2.92):(1486.0, 432.0)
(2.54, -0.73):(50.0, 814.0)
(-4.38, -5.63):(768.0, 814.0)
(-8.62, -7.16):(1486.0, 814.0)

(-3.8, 0.15):(768.0, 432.0)
(5.94, 6.94):(50.0, 50.0)
(-0.61, 7.94):(768.0, 50.0)
(-6.96, 6.08):(1486.0, 50.0)
(6.43, 3.3):(50.0, 432.0)
(-7.17, 1.21):(1486.0, 432.0)
(3.1, -0.65):(50.0, 814.0)
(-3.42, -2.4):(768.0, 814.0)
(-7.94, -5.91):(1486.0, 814.0)

(-3.58, 0.84):(768.0, 432.0)
(5.59, 4.88):(50.0, 50.0)
(-1.17, 6.07):(768.0, 50.0)
(-7.46, 4.67):(1486.0, 50.0)
(5.42, 1.46):(50.0, 432.0)
(-8.02, 1.29):(1486.0, 432.0)
(1.82, -2.02):(50.0, 814.0)
(-4.48, -4.33):(768.0, 814.0)
(-8.15, -4.76):(1486.0, 814.0)


(-3.25, 1.2):(768.0, 432.0)
(4.68, 2.57):(50.0, 50.0)
(-2.19, 3.56):(768.0, 50.0)
(-7.62, 2.16):(1486.0, 50.0)
(4.73, 1.8):(50.0, 432.0)
(-7.83, -2.93):(1486.0, 432.0)
(0.53, -3.48):(50.0, 814.0)
(-4.72, -3.96):(768.0, 814.0)
(-5.63, -5.54):(1486.0, 814.0)

(-4.92, 0.18):(768.0, 432.0)
(4.43, 6.89):(50.0, 50.0)
(-3.54, 4.97):(768.0, 50.0)
(-7.47, 4.09):(1486.0, 50.0)
(5.87, 2.93):(50.0, 432.0)
(-5.5, -2.45):(1486.0, 432.0)
(2.91, -2.47):(50.0, 814.0)
(-4.32, -2.71):(768.0, 814.0)
(-9.13, -4.21):(1486.0, 814.0)

(-3.53, 1.41):(768.0, 432.0)
(6.37, 4.45):(50.0, 50.0)
(-2.54, 5.28):(768.0, 50.0)
(-6.68, 5.05):(1486.0, 50.0)
(5.15, 3.8):(50.0, 432.0)
(-8.15, 1.13):(1486.0, 432.0)
(0.49, -1.44):(50.0, 814.0)
(-4.25, -1.76):(768.0, 814.0)
(-8.49, -5.59):(1486.0, 814.0)


(-3.25, 1.2):(768.0, 432.0)
(4.68, 2.57):(50.0, 50.0)
(-2.33, 3.57):(768.0, 50.0)
(-7.93, 2.04):(1486.0, 50.0)
(4.91, 1.99):(50.0, 432.0)
(-7.83, -2.93):(1486.0, 432.0)
(0.53, -3.48):(50.0, 814.0)
(-4.72, -3.96):(768.0, 814.0)
(-8.9, -5.63):(1486.0, 814.0)

(-4.92, 0.18):(768.0, 432.0)
(4.43, 6.89):(50.0, 50.0)
(-3.78, 4.93):(768.0, 50.0)
(-7.47, 4.09):(1486.0, 50.0)
(5.71, 2.92):(50.0, 432.0)
(-8.91, -2.93):(1486.0, 432.0)
(2.91, -2.47):(50.0, 814.0)
(-4.45, -2.88):(768.0, 814.0)
(-9.13, -4.21):(1486.0, 814.0)

(-3.48, 1.46):(768.0, 432.0)
(6.37, 4.45):(50.0, 50.0)
(-2.54, 5.28):(768.0, 50.0)
(-6.8, 5.01):(1486.0, 50.0)
(5.15, 3.8):(50.0, 432.0)
(-8.15, 1.13):(1486.0, 432.0)
(0.49, -1.44):(50.0, 814.0)
(-4.25, -1.76):(768.0, 814.0)
(-8.49, -5.59):(1486.0, 814.0)


(-3.25, 1.2):(768.0, 432.0)
(4.53, 2.49):(50.0, 50.0)
(-2.38, 3.48):(768.0, 50.0)
(-7.93, 2.04):(1486.0, 50.0)
(4.73, 1.8):(50.0, 432.0)
(-7.83, -3.0):(1486.0, 432.0)
(0.53, -3.48):(50.0, 814.0)
(-4.72, -3.96):(768.0, 814.0)
(-5.63, -5.54):(1486.0, 814.0)

(-5.29, -0.44):(768.0, 432.0)
(4.57, 6.81):(50.0, 50.0)
(-3.17, 6.0):(768.0, 50.0)
(-7.71, 4.0):(1486.0, 50.0)
(6.11, 2.85):(50.0, 432.0)
(-8.91, -2.93):(1486.0, 432.0)
(2.91, -2.47):(50.0, 814.0)
(-4.68, -3.04):(768.0, 814.0)
(-9.13, -4.21):(1486.0, 814.0)

(-3.52, 1.45):(768.0, 432.0)
(6.37, 4.45):(50.0, 50.0)
(-2.64, 5.2):(768.0, 50.0)
(-6.8, 5.01):(1486.0, 50.0)
(5.15, 3.8):(50.0, 432.0)
(-8.15, 1.13):(1486.0, 432.0)
(0.45, -1.4):(50.0, 814.0)
(-4.25, -1.76):(768.0, 814.0)
(-8.49, -5.59):(1486.0, 814.0)


(-3.18, 1.72):(768.0, 432.0)
(4.57, 2.92):(50.0, 50.0)
(-2.45, 3.51):(768.0, 50.0)
(-8.07, 2.14):(1486.0, 50.0)
(4.73, 1.8):(50.0, 432.0)
(-7.66, -2.9):(1486.0, 432.0)
(0.53, -3.48):(50.0, 814.0)
(-4.72, -3.96):(768.0, 814.0)
(-5.63, -5.54):(1486.0, 814.0)

(-5.26, -0.38):(768.0, 432.0)
(4.34, 7.33):(50.0, 50.0)
(-3.77, 4.16):(768.0, 50.0)
(-7.68, 4.04):(1486.0, 50.0)
(5.82, 2.83):(50.0, 432.0)
(-8.64, -2.8):(1486.0, 432.0)
(2.91, -2.47):(50.0, 814.0)
(-5.05, -3.21):(768.0, 814.0)
(-9.12, -4.25):(1486.0, 814.0)

(-3.29, 1.87):(768.0, 432.0)
(6.5, 4.29):(50.0, 50.0)
(-2.63, 4.92):(768.0, 50.0)
(-6.1, 5.15):(1486.0, 50.0)
(5.15, 3.8):(50.0, 432.0)
(-8.41, 1.03):(1486.0, 432.0)
(0.42, -1.43):(50.0, 814.0)
(-4.69, -2.17):(768.0, 814.0)
(-8.47, -5.58):(1486.0, 814.0)


(-3.22, 1.19):(768.0, 432.0)
(4.53, 2.49):(50.0, 50.0)
(-2.38, 3.48):(768.0, 50.0)
(-7.93, 2.04):(1486.0, 50.0)
(4.73, 1.8):(50.0, 432.0)
(-7.79, -2.92):(1486.0, 432.0)
(0.53, -3.48):(50.0, 814.0)
(-4.72, -3.96):(768.0, 814.0)
(-5.63, -5.54):(1486.0, 814.0)

(-5.29, -0.44):(768.0, 432.0)
(4.57, 6.81):(50.0, 50.0)
(-3.24, 5.99):(768.0, 50.0)
(-7.71, 4.0):(1486.0, 50.0)
(6.12, 2.91):(50.0, 432.0)
(-8.87, -2.91):(1486.0, 432.0)
(2.91, -2.47):(50.0, 814.0)
(-4.79, -3.1):(768.0, 814.0)
(-9.13, -4.21):(1486.0, 814.0)

(-3.52, 1.45):(768.0, 432.0)
(6.37, 4.45):(50.0, 50.0)
(-2.64, 5.2):(768.0, 50.0)
(-6.79, 4.97):(1486.0, 50.0)
(5.15, 3.8):(50.0, 432.0)
(-8.16, 1.19):(1486.0, 432.0)
(0.45, -1.4):(50.0, 814.0)
(-4.25, -1.76):(768.0, 814.0)
(-8.49, -5.59):(1486.0, 814.0)


(-3.22, 1.19):(768.0, 432.0)
(4.68, 2.31):(50.0, 50.0)
(-2.38, 3.48):(768.0, 50.0)
(-7.93, 2.04):(1486.0, 50.0)
(4.73, 1.8):(50.0, 432.0)
(-7.73, -2.83):(1486.0, 432.0)
(0.53, -3.48):(50.0, 814.0)
(-4.72, -3.96):(768.0, 814.0)
(-5.63, -5.54):(1486.0, 814.0)

(-5.33, -0.46):(768.0, 432.0)
(4.59, 6.79):(50.0, 50.0)
(-3.24, 5.99):(768.0, 50.0)
(-7.74, 3.97):(1486.0, 50.0)
(6.12, 2.91):(50.0, 432.0)
(-8.87, -2.91):(1486.0, 432.0)
(2.91, -2.47):(50.0, 814.0)
(-4.97, -3.1):(768.0, 814.0)
(-9.13, -4.21):(1486.0, 814.0)

(-3.33, 1.69):(768.0, 432.0)
(6.37, 4.45):(50.0, 50.0)
(-2.64, 5.2):(768.0, 50.0)
(-6.79, 4.97):(1486.0, 50.0)
(5.15, 3.8):(50.0, 432.0)
(-8.16, 1.19):(1486.0, 432.0)
(0.46, -1.32):(50.0, 814.0)
(-4.25, -1.76):(768.0, 814.0)
(-8.49, -5.59):(1486.0, 814.0)


(-3.25, 1.2):(768.0, 432.0)
(4.68, 2.57):(50.0, 50.0)
(-2.33, 3.57):(768.0, 50.0)
(-7.93, 2.04):(1486.0, 50.0)
(4.73, 1.8):(50.0, 432.0)
(-7.83, -2.93):(1486.0, 432.0)
(0.53, -3.48):(50.0, 814.0)
(-4.72, -3.96):(768.0, 814.0)
(-5.63, -5.54):(1486.0, 814.0)

(-4.92, 0.18):(768.0, 432.0)
(4.43, 6.89):(50.0, 50.0)
(-3.09, 6.02):(768.0, 50.0)
(-7.47, 4.09):(1486.0, 50.0)
(5.96, 2.77):(50.0, 432.0)
(-8.91, -2.93):(1486.0, 432.0)
(2.91, -2.47):(50.0, 814.0)
(-4.56, -3.0):(768.0, 814.0)
(-9.13, -4.21):(1486.0, 814.0)

(-3.46, 1.52):(768.0, 432.0)
(6.37, 4.45):(50.0, 50.0)
(-2.54, 5.28):(768.0, 50.0)
(-6.8, 5.01):(1486.0, 50.0)
(5.15, 3.8):(50.0, 432.0)
(-8.15, 1.13):(1486.0, 432.0)
(0.49, -1.44):(50.0, 814.0)
(-4.25, -1.76):(768.0, 814.0)
(-8.49, -5.59):(1486.0, 814.0)


(0.04, 1.0):(768.0, 432.0)
(6.06, 3.24):(50.0, 50.0)
(1.5, 3.98):(768.0, 50.0)
(-4.0, 2.92):(1486.0, 50.0)
(6.25, 2.21):(50.0, 432.0)
(-4.38, -2.42):(1486.0, 432.0)
(3.23, -4.27):(50.0, 814.0)
(-1.28, -3.42):(768.0, 814.0)
(-6.0, -4.18):(1486.0, 814.0)

(-1.8, 0.12):(768.0, 432.0)
(5.75, 7.45):(50.0, 50.0)
(-1.32, 4.07):(768.0, 50.0)
(-4.47, 4.44):(1486.0, 50.0)
(6.61, 3.42):(50.0, 432.0)
(-5.64, -1.7):(1486.0, 432.0)
(6.51, -2.86):(50.0, 814.0)
(-1.38, -2.58):(768.0, 814.0)
(-6.44, -2.9):(1486.0, 814.0)

(-0.28, 1.16):(768.0, 432.0)
(7.41, 5.25):(50.0, 50.0)
(1.04, 5.6):(768.0, 50.0)
(-4.59, 4.93):(1486.0, 50.0)
(7.15, 3.38):(50.0, 432.0)
(-4.71, 1.64):(1486.0, 432.0)
(3.88, -1.62):(50.0, 814.0)
(-1.54, -1.94):(768.0, 814.0)
(-5.34, -4.31):(1486.0, 814.0)


(-3.22, 1.19):(768.0, 432.0)
(4.68, 2.31):(50.0, 50.0)
(-2.38, 3.48):(768.0, 50.0)
(-7.93, 2.04):(1486.0, 50.0)
(4.73, 1.8):(50.0, 432.0)
(-7.73, -2.83):(1486.0, 432.0)
(0.53, -3.48):(50.0, 814.0)
(-4.72, -3.96):(768.0, 814.0)
(-5.63, -5.54):(1486.0, 814.0)

(-5.33, -0.46):(768.0, 432.0)
(4.59, 6.79):(50.0, 50.0)
(-3.24, 5.99):(768.0, 50.0)
(-7.74, 3.97):(1486.0, 50.0)
(6.12, 2.91):(50.0, 432.0)
(-8.87, -2.91):(1486.0, 432.0)
(2.91, -2.47):(50.0, 814.0)
(-4.97, -3.1):(768.0, 814.0)
(-9.13, -4.21):(1486.0, 814.0)

(-3.33, 1.69):(768.0, 432.0)
(6.37, 4.45):(50.0, 50.0)
(-2.64, 5.2):(768.0, 50.0)
(-6.79, 4.97):(1486.0, 50.0)
(5.15, 3.8):(50.0, 432.0)
(-8.16, 1.19):(1486.0, 432.0)
(0.46, -1.32):(50.0, 814.0)
(-4.25, -1.76):(768.0, 814.0)
(-8.49, -5.59):(1486.0, 814.0)


(-3.22, 1.19):(768.0, 432.0)
(4.68, 2.31):(50.0, 50.0)
(-2.38, 3.48):(768.0, 50.0)
(-7.93, 2.04):(1486.0, 50.0)
(4.73, 1.8):(50.0, 432.0)
(-7.73, -2.83):(1486.0, 432.0)
(0.53, -3.48):(50.0, 814.0)
(-4.72, -3.96):(768.0, 814.0)
(-5.63, -5.54):(1486.0, 814.0)

(-5.33, -0.46):(768.0, 432.0)
(4.57, 6.81):(50.0, 50.0)
(-3.24, 5.99):(768.0, 50.0)
(-7.74, 3.97):(1486.0, 50.0)
(6.12, 2.91):(50.0, 432.0)
(-8.87, -2.91):(1486.0, 432.0)
(2.91, -2.47):(50.0, 814.0)
(-4.97, -3.1):(768.0, 814.0)
(-9.13, -4.21):(1486.0, 814.0)

(-3.2, 1.8):(768.0, 432.0)
(6.35, 4.37):(50.0, 50.0)
(-2.67, 5.1):(768.0, 50.0)
(-6.81, 4.89):(1486.0, 50.0)
(5.13, 3.72):(50.0, 432.0)
(-8.18, 1.12):(1486.0, 432.0)
(0.44, -1.4):(50.0, 814.0)
(-4.27, -1.84):(768.0, 814.0)
(-8.51, -5.66):(1486.0, 814.0)


(-2.87, 2.29):(768.0, 432.0)
(4.55, 4.21):(50.0, 50.0)
(-1.88, 7.11):(768.0, 50.0)
(-8.76, 5.16):(1486.0, 50.0)
(4.3, 2.48):(50.0, 432.0)
(-7.92, 2.69):(1486.0, 432.0)
(3.35, -0.4):(50.0, 814.0)
(-2.13, -0.34):(768.0, 814.0)
(-7.47, -1.43):(1486.0, 814.0)

(-2.74, 1.68):(768.0, 432.0)
(4.56, 4.19):(50.0, 50.0)
(-2.98, 4.63):(768.0, 50.0)
(-7.2, 4.83):(1486.0, 50.0)
(5.06, 1.77):(50.0, 432.0)
(-7.42, 3.04):(1486.0, 432.0)
(4.34, 0.23):(50.0, 814.0)
(-2.32, 0.4):(768.0, 814.0)
(-6.79, -1.51):(1486.0, 814.0)

(-3.28, 1.39):(768.0, 432.0)
(5.19, 3.62):(50.0, 50.0)
(-3.17, 5.96):(768.0, 50.0)
(-8.75, 4.26):(1486.0, 50.0)
(4.94, 1.05):(50.0, 432.0)
(-8.83, 1.51):(1486.0, 432.0)
(0.91, -2.37):(50.0, 814.0)
(-4.3, -1.66):(768.0, 814.0)
(-9.27, -4.83):(1486.0, 814.0)


(-3.02, 2.14):(768.0, 432.0)
(4.55, 4.21):(50.0, 50.0)
(-1.94, 7.04):(768.0, 50.0)
(-7.5, 5.58):(1486.0, 50.0)
(4.3, 2.48):(50.0, 432.0)
(-7.92, 2.69):(1486.0, 432.0)
(3.35, -0.4):(50.0, 814.0)
(-2.13, -0.34):(768.0, 814.0)
(-5.32, -1.22):(1486.0, 814.0)

(-2.74, 1.68):(768.0, 432.0)
(4.56, 4.19):(50.0, 50.0)
(-2.98, 4.63):(768.0, 50.0)
(-7.2, 4.83):(1486.0, 50.0)
(5.06, 1.77):(50.0, 432.0)
(-7.42, 3.04):(1486.0, 432.0)
(4.38, 0.32):(50.0, 814.0)
(-2.32, 0.37):(768.0, 814.0)
(-6.79, -1.51):(1486.0, 814.0)

(-3.26, 1.39):(768.0, 432.0)
(5.02, 4.15):(50.0, 50.0)
(-3.16, 5.95):(768.0, 50.0)
(-8.69, 4.27):(1486.0, 50.0)
(4.88, 0.96):(50.0, 432.0)
(-8.83, 1.49):(1486.0, 432.0)
(0.92, -2.38):(50.0, 814.0)
(-4.3, -1.68):(768.0, 814.0)
(-9.27, -4.85):(1486.0, 814.0)


(-3.02, 2.14):(768.0, 432.0)
(4.55, 4.21):(50.0, 50.0)
(-1.94, 7.04):(768.0, 50.0)
(-7.5, 5.58):(1486.0, 50.0)
(4.3, 2.48):(50.0, 432.0)
(-7.92, 2.69):(1486.0, 432.0)
(3.35, -0.4):(50.0, 814.0)
(-2.13, -0.34):(768.0, 814.0)
(-5.32, -1.22):(1486.0, 814.0)

(-2.74, 1.68):(768.0, 432.0)
(4.56, 4.19):(50.0, 50.0)
(-2.98, 4.63):(768.0, 50.0)
(-7.2, 4.83):(1486.0, 50.0)
(5.06, 1.77):(50.0, 432.0)
(-7.42, 3.04):(1486.0, 432.0)
(4.38, 0.32):(50.0, 814.0)
(-2.32, 0.37):(768.0, 814.0)
(-6.79, -1.51):(1486.0, 814.0)

(-3.26, 1.39):(768.0, 432.0)
(5.21, 3.66):(50.0, 50.0)
(-3.16, 5.95):(768.0, 50.0)
(-8.69, 4.27):(1486.0, 50.0)
(4.88, 0.96):(50.0, 432.0)
(-8.83, 1.49):(1486.0, 432.0)
(0.92, -2.38):(50.0, 814.0)
(-4.3, -1.68):(768.0, 814.0)
(-9.27, -4.85):(1486.0, 814.0)


(-3.21, 1.18):(768.0, 432.0)
(5.1, 7.15):(50.0, 50.0)
(-0.42, 6.5):(768.0, 50.0)
(-5.15, 5.09):(1486.0, 50.0)
(5.08, 4.84):(50.0, 432.0)
(-5.74, 1.53):(1486.0, 432.0)
(3.67, 0.66):(50.0, 814.0)
(-1.99, -1.5):(768.0, 814.0)
(-6.38, -0.94):(1486.0, 814.0)

(-2.75, 1.21):(768.0, 432.0)
(4.43, 6.19):(50.0, 50.0)
(-1.55, 5.41):(768.0, 50.0)
(-6.38, 3.71):(1486.0, 50.0)
(4.75, 3.39):(50.0, 432.0)
(-6.66, 1.31):(1486.0, 432.0)
(2.97, -0.04):(50.0, 814.0)
(-2.86, -2.32):(768.0, 814.0)
(-7.38, -4.08):(1486.0, 814.0)

(-2.4, 1.31):(768.0, 432.0)
(4.13, 3.59):(50.0, 50.0)
(-1.84, 3.26):(768.0, 50.0)
(-6.66, 1.51):(1486.0, 50.0)
(3.3, 0.0):(50.0, 432.0)
(-7.58, -2.02):(1486.0, 432.0)
(0.93, -2.33):(50.0, 814.0)
(-4.23, -3.11):(768.0, 814.0)
(-8.19, -6.0):(1486.0, 814.0)


(-3.21, 1.18):(768.0, 432.0)
(5.1, 7.15):(50.0, 50.0)
(-0.42, 6.5):(768.0, 50.0)
(-5.15, 5.09):(1486.0, 50.0)
(5.08, 4.84):(50.0, 432.0)
(-5.74, 1.53):(1486.0, 432.0)
(3.67, 0.66):(50.0, 814.0)
(-1.99, -1.5):(768.0, 814.0)
(-6.38, -0.94):(1486.0, 814.0)

(-2.75, 1.21):(768.0, 432.0)
(4.43, 6.19):(50.0, 50.0)
(-1.55, 5.41):(768.0, 50.0)
(-6.38, 3.71):(1486.0, 50.0)
(4.71, 3.35):(50.0, 432.0)
(-6.66, 1.31):(1486.0, 432.0)
(2.97, -0.04):(50.0, 814.0)
(-2.86, -2.32):(768.0, 814.0)
(-7.38, -4.08):(1486.0, 814.0)

(-2.4, 1.31):(768.0, 432.0)
(4.13, 3.59):(50.0, 50.0)
(-1.84, 3.26):(768.0, 50.0)
(-6.66, 1.51):(1486.0, 50.0)
(2.93, 0.16):(50.0, 432.0)
(-7.58, -2.02):(1486.0, 432.0)
(0.93, -2.33):(50.0, 814.0)
(-4.23, -3.11):(768.0, 814.0)
(-8.29, -6.04):(1486.0, 814.0)


(-3.14, 1.79):(768.0, 432.0)
(4.04, 6.15):(50.0, 50.0)
(-2.53, 6.36):(768.0, 50.0)
(-6.64, 5.52):(1486.0, 50.0)
(5.0, 2.5):(50.0, 432.0)
(-7.21, 3.72):(1486.0, 432.0)
(2.7, -0.82):(50.0, 814.0)
(-2.07, -0.8):(768.0, 814.0)
(-8.85, -3.41):(1486.0, 814.0)

(-3.11, 0.97):(768.0, 432.0)
(5.23, 3.72):(50.0, 50.0)
(-3.27, 4.39):(768.0, 50.0)
(-7.38, 3.61):(1486.0, 50.0)
(5.16, -0.24):(50.0, 432.0)
(-7.91, 0.7):(1486.0, 432.0)
(2.04, -3.52):(50.0, 814.0)
(-2.63, -1.63):(768.0, 814.0)
(-8.47, -5.89):(1486.0, 814.0)

(-3.33, 0.92):(768.0, 432.0)
(4.61, 4.59):(50.0, 50.0)
(-1.23, 4.93):(768.0, 50.0)
(-7.98, 3.41):(1486.0, 50.0)
(4.89, 1.08):(50.0, 432.0)
(-7.61, 0.92):(1486.0, 432.0)
(1.68, -0.01):(50.0, 814.0)
(-2.51, -1.23):(768.0, 814.0)
(-8.02, -4.48):(1486.0, 814.0)


(-3.14, 1.79):(768.0, 432.0)
(4.04, 6.15):(50.0, 50.0)
(-2.53, 6.36):(768.0, 50.0)
(-6.64, 5.52):(1486.0, 50.0)
(5.0, 2.5):(50.0, 432.0)
(-7.21, 3.72):(1486.0, 432.0)
(2.7, -0.82):(50.0, 814.0)
(-2.07, -0.8):(768.0, 814.0)
(-8.95, -3.39):(1486.0, 814.0)

(-3.11, 0.97):(768.0, 432.0)
(5.23, 3.72):(50.0, 50.0)
(-3.27, 4.39):(768.0, 50.0)
(-7.38, 3.61):(1486.0, 50.0)
(5.16, -0.24):(50.0, 432.0)
(-7.91, 0.7):(1486.0, 432.0)
(2.04, -3.52):(50.0, 814.0)
(-2.63, -1.63):(768.0, 814.0)
(-8.47, -5.89):(1486.0, 814.0)

(-3.33, 0.92):(768.0, 432.0)
(4.61, 4.59):(50.0, 50.0)
(-1.07, 5.22):(768.0, 50.0)
(-7.98, 3.41):(1486.0, 50.0)
(4.87, 1.03):(50.0, 432.0)
(-7.61, 0.92):(1486.0, 432.0)
(1.68, -0.01):(50.0, 814.0)
(-2.51, -1.23):(768.0, 814.0)
(-8.02, -4.48):(1486.0, 814.0)


(-3.09, 1.98):(768.0, 432.0)
(4.21, 6.23):(50.0, 50.0)
(-2.09, 6.68):(768.0, 50.0)
(-6.77, 5.45):(1486.0, 50.0)
(5.07, 2.6):(50.0, 432.0)
(-7.29, 3.88):(1486.0, 432.0)
(2.7, -0.82):(50.0, 814.0)
(-2.05, -0.6):(768.0, 814.0)
(-8.9, -3.15):(1486.0, 814.0)

(-2.63, 1.31):(768.0, 432.0)
(5.11, 3.8):(50.0, 50.0)
(-3.36, 4.43):(768.0, 50.0)
(-7.37, 3.53):(1486.0, 50.0)
(5.37, -0.5):(50.0, 432.0)
(-7.79, 0.64):(1486.0, 432.0)
(2.12, -3.7):(50.0, 814.0)
(-3.2, -1.55):(768.0, 814.0)
(-8.42, -6.08):(1486.0, 814.0)

(-3.33, 0.92):(768.0, 432.0)
(4.61, 4.59):(50.0, 50.0)
(-1.4, 4.43):(768.0, 50.0)
(-8.07, 3.39):(1486.0, 50.0)
(4.67, 1.28):(50.0, 432.0)
(-7.55, 0.91):(1486.0, 432.0)
(2.0, -0.13):(50.0, 814.0)
(-2.48, -1.4):(768.0, 814.0)
(-7.9, -4.47):(1486.0, 814.0)


(-3.38, 1.57):(768.0, 432.0)
(3.26, 5.83):(50.0, 50.0)
(-2.95, 5.96):(768.0, 50.0)
(-6.71, 5.42):(1486.0, 50.0)
(4.96, 2.52):(50.0, 432.0)
(-7.22, 3.82):(1486.0, 432.0)
(2.2, -1.39):(50.0, 814.0)
(-2.08, -0.76):(768.0, 814.0)
(-8.94, -3.47):(1486.0, 814.0)

(-2.84, 1.17):(768.0, 432.0)
(5.46, 3.6):(50.0, 50.0)
(-3.25, 4.42):(768.0, 50.0)
(-7.36, 3.59):(1486.0, 50.0)
(5.27, -0.24):(50.0, 432.0)
(-7.87, 0.68):(1486.0, 432.0)
(2.04, -3.6):(50.0, 814.0)
(-2.22, -1.52):(768.0, 814.0)
(-8.43, -5.86):(1486.0, 814.0)

(-2.87, 1.16):(768.0, 432.0)
(4.63, 4.91):(50.0, 50.0)
(-0.88, 5.59):(768.0, 50.0)
(-7.99, 3.53):(1486.0, 50.0)
(5.03, 0.83):(50.0, 432.0)
(-7.55, 0.95):(1486.0, 432.0)
(1.53, -0.1):(50.0, 814.0)
(-2.49, -1.25):(768.0, 814.0)
(-7.97, -4.39):(1486.0, 814.0)


(-3.07, 1.81):(768.0, 432.0)
(4.04, 6.15):(50.0, 50.0)
(-2.39, 6.48):(768.0, 50.0)
(-6.54, 5.56):(1486.0, 50.0)
(5.04, 2.43):(50.0, 432.0)
(-7.19, 3.61):(1486.0, 432.0)
(2.7, -0.82):(50.0, 814.0)
(-2.02, -0.71):(768.0, 814.0)
(-8.87, -3.3):(1486.0, 814.0)

(-3.19, 0.83):(768.0, 432.0)
(5.04, 3.72):(50.0, 50.0)
(-3.48, 4.44):(768.0, 50.0)
(-7.3, 3.6):(1486.0, 50.0)
(5.13, -0.11):(50.0, 432.0)
(-7.93, 0.73):(1486.0, 432.0)
(2.11, -3.4):(50.0, 814.0)
(-2.76, -1.49):(768.0, 814.0)
(-8.43, -5.75):(1486.0, 814.0)

(-3.63, 0.78):(768.0, 432.0)
(4.62, 4.55):(50.0, 50.0)
(-1.38, 4.76):(768.0, 50.0)
(-8.07, 3.54):(1486.0, 50.0)
(4.83, 1.13):(50.0, 432.0)
(-7.81, 1.0):(1486.0, 432.0)
(1.68, -0.01):(50.0, 814.0)
(-2.54, -0.98):(768.0, 814.0)
(-8.03, -4.46):(1486.0, 814.0)


(-3.02, 1.96):(768.0, 432.0)
(3.27, 5.8):(50.0, 50.0)
(-2.57, 6.32):(768.0, 50.0)
(-6.69, 5.5):(1486.0, 50.0)
(4.96, 2.53):(50.0, 432.0)
(-7.21, 3.75):(1486.0, 432.0)
(2.28, -1.44):(50.0, 814.0)
(-2.06, -0.79):(768.0, 814.0)
(-8.96, -3.48):(1486.0, 814.0)

(-2.84, 1.17):(768.0, 432.0)
(5.27, 3.71):(50.0, 50.0)
(-3.23, 4.4):(768.0, 50.0)
(-7.38, 3.61):(1486.0, 50.0)
(5.29, -0.27):(50.0, 432.0)
(-7.89, 0.69):(1486.0, 432.0)
(2.04, -3.6):(50.0, 814.0)
(-2.17, -1.47):(768.0, 814.0)
(-8.47, -5.89):(1486.0, 814.0)

(-3.01, 1.25):(768.0, 432.0)
(4.65, 4.74):(50.0, 50.0)
(-1.26, 5.41):(768.0, 50.0)
(-7.99, 3.53):(1486.0, 50.0)
(5.07, 0.89):(50.0, 432.0)
(-7.55, 0.95):(1486.0, 432.0)
(1.62, 0.06):(50.0, 814.0)
(-2.44, -1.25):(768.0, 814.0)
(-7.97, -4.46):(1486.0, 814.0)


(0.37, 0.32):(768.0, 432.0)
(7.07, 1.67):(50.0, 50.0)
(-0.01, 3.13):(768.0, 50.0)
(-4.52, 2.89):(1486.0, 50.0)
(6.64, 0.52):(50.0, 432.0)
(-5.16, 0.63):(1486.0, 432.0)
(4.63, -3.74):(50.0, 814.0)
(-0.06, -4.63):(768.0, 814.0)
(-4.46, -4.3):(1486.0, 814.0)

(1.01, 1.44):(768.0, 432.0)
(8.0, 5.15):(50.0, 50.0)
(0.94, 6.45):(768.0, 50.0)
(-4.13, 5.57):(1486.0, 50.0)
(7.71, 3.75):(50.0, 432.0)
(-4.65, 4.14):(1486.0, 432.0)
(5.55, -0.55):(50.0, 814.0)
(0.81, -0.39):(768.0, 814.0)
(-3.94, -0.72):(1486.0, 814.0)

(0.67, 1.2):(768.0, 432.0)
(8.08, 3.6):(50.0, 50.0)
(1.34, 2.77):(768.0, 50.0)
(-4.23, 4.1):(1486.0, 50.0)
(8.49, 1.11):(50.0, 432.0)
(-4.61, 1.89):(1486.0, 432.0)
(6.41, -2.58):(50.0, 814.0)
(1.32, -1.12):(768.0, 814.0)
(-3.77, -2.21):(1486.0, 814.0)


(0.38, 0.33):(768.0, 432.0)
(7.15, 1.64):(50.0, 50.0)
(0.01, 3.11):(768.0, 50.0)
(-4.59, 2.81):(1486.0, 50.0)
(6.48, 0.59):(50.0, 432.0)
(-5.16, 0.62):(1486.0, 432.0)
(4.63, -3.77):(50.0, 814.0)
(0.0, -4.48):(768.0, 814.0)
(-4.46, -4.34):(1486.0, 814.0)

(1.13, 1.43):(768.0, 432.0)
(7.81, 5.21):(50.0, 50.0)
(0.93, 6.41):(768.0, 50.0)
(-4.17, 5.54):(1486.0, 50.0)
(7.72, 3.76):(50.0, 432.0)
(-4.63, 4.16):(1486.0, 432.0)
(5.56, -0.51):(50.0, 814.0)
(0.81, -0.39):(768.0, 814.0)
(-3.95, -0.74):(1486.0, 814.0)

(0.71, 1.17):(768.0, 432.0)
(7.8, 3.76):(50.0, 50.0)
(1.2, 3.14):(768.0, 50.0)
(-4.28, 4.11):(1486.0, 50.0)
(8.93, 0.97):(50.0, 432.0)
(-4.61, 1.89):(1486.0, 432.0)
(6.0, -2.6):(50.0, 814.0)
(1.29, -1.13):(768.0, 814.0)
(-3.71, -2.05):(1486.0, 814.0)


(0.39, 0.31):(768.0, 432.0)
(7.04, 1.71):(50.0, 50.0)
(0.04, 3.14):(768.0, 50.0)
(-4.59, 2.82):(1486.0, 50.0)
(6.73, 0.64):(50.0, 432.0)
(-5.16, 0.62):(1486.0, 432.0)
(4.62, -3.74):(50.0, 814.0)
(-0.02, -4.5):(768.0, 814.0)
(-4.46, -4.34):(1486.0, 814.0)

(1.13, 1.43):(768.0, 432.0)
(7.84, 5.21):(50.0, 50.0)
(0.91, 6.41):(768.0, 50.0)
(-4.17, 5.54):(1486.0, 50.0)
(7.67, 3.78):(50.0, 432.0)
(-4.62, 4.19):(1486.0, 432.0)
(5.59, -0.52):(50.0, 814.0)
(0.8, -0.42):(768.0, 814.0)
(-3.95, -0.74):(1486.0, 814.0)

(0.71, 1.17):(768.0, 432.0)
(7.8, 3.76):(50.0, 50.0)
(1.18, 3.13):(768.0, 50.0)
(-4.28, 4.13):(1486.0, 50.0)
(9.11, 0.82):(50.0, 432.0)
(-4.61, 1.89):(1486.0, 432.0)
(6.0, -2.6):(50.0, 814.0)
(1.29, -1.13):(768.0, 814.0)
(-3.71, -2.05):(1486.0, 814.0)


(0.37, 0.32):(768.0, 432.0)
(7.07, 1.67):(50.0, 50.0)
(-0.01, 3.13):(768.0, 50.0)
(-4.52, 2.89):(1486.0, 50.0)
(6.64, 0.52):(50.0, 432.0)
(-5.16, 0.63):(1486.0, 432.0)
(4.63, -3.74):(50.0, 814.0)
(-0.06, -4.63):(768.0, 814.0)
(-4.46, -4.3):(1486.0, 814.0)

(1.01, 1.44):(768.0, 432.0)
(8.0, 5.15):(50.0, 50.0)
(0.94, 6.45):(768.0, 50.0)
(-4.13, 5.57):(1486.0, 50.0)
(7.71, 3.75):(50.0, 432.0)
(-4.65, 4.14):(1486.0, 432.0)
(5.55, -0.55):(50.0, 814.0)
(0.81, -0.39):(768.0, 814.0)
(-3.94, -0.72):(1486.0, 814.0)

(0.67, 1.2):(768.0, 432.0)
(8.08, 3.6):(50.0, 50.0)
(1.34, 2.77):(768.0, 50.0)
(-4.23, 4.1):(1486.0, 50.0)
(8.49, 1.11):(50.0, 432.0)
(-4.61, 1.89):(1486.0, 432.0)
(6.41, -2.58):(50.0, 814.0)
(1.32, -1.12):(768.0, 814.0)
(-3.77, -2.21):(1486.0, 814.0)


(0.37, 0.23):(768.0, 432.0)
(7.07, 0.23):(50.0, 50.0)
(-0.01, 0.22):(768.0, 50.0)
(-4.52, 0.23):(1486.0, 50.0)
(6.64, 0.23):(50.0, 432.0)
(-5.16, 0.22):(1486.0, 432.0)
(4.63, 0.22):(50.0, 814.0)
(-0.06, 0.23):(768.0, 814.0)
(-4.46, 0.23):(1486.0, 814.0)

(1.01, 0.22):(768.0, 432.0)
(8.0, 0.23):(50.0, 50.0)
(0.94, 0.22):(768.0, 50.0)
(-4.13, 0.23):(1486.0, 50.0)
(7.71, 0.23):(50.0, 432.0)
(-4.65, 0.23):(1486.0, 432.0)
(5.55, 0.22):(50.0, 814.0)
(0.81, 0.23):(768.0, 814.0)
(-3.94, 0.22):(1486.0, 814.0)

(0.67, 0.22):(768.0, 432.0)
(8.08, 0.23):(50.0, 50.0)
(1.34, 0.22):(768.0, 50.0)
(-4.23, 0.23):(1486.0, 50.0)
(8.49, 0.23):(50.0, 432.0)
(-4.61, 0.23):(1486.0, 432.0)
(6.41, 0.22):(50.0, 814.0)
(1.32, 0.22):(768.0, 814.0)
(-3.77, 0.22):(1486.0, 814.0)


(0.37, 0.32):(768.0, 432.0)
(7.07, 1.67):(50.0, 50.0)
(-0.01, 3.13):(768.0, 50.0)
(-4.52, 2.89):(1486.0, 50.0)
(6.64, 0.52):(50.0, 432.0)
(-5.16, 0.63):(1486.0, 432.0)
(4.63, -3.74):(50.0, 814.0)
(-0.06, -4.63):(768.0, 814.0)
(-4.46, -4.3):(1486.0, 814.0)

(1.01, 1.44):(768.0, 432.0)
(8.0, 5.15):(50.0, 50.0)
(0.94, 6.45):(768.0, 50.0)
(-4.13, 5.57):(1486.0, 50.0)
(7.71, 3.75):(50.0, 432.0)
(-4.65, 4.14):(1486.0, 432.0)
(5.55, -0.55):(50.0, 814.0)
(0.81, -0.39):(768.0, 814.0)
(-3.94, -0.72):(1486.0, 814.0)

(0.67, 1.2):(768.0, 432.0)
(8.08, 3.6):(50.0, 50.0)
(1.34, 2.77):(768.0, 50.0)
(-4.23, 4.1):(1486.0, 50.0)
(8.49, 1.11):(50.0, 432.0)
(-4.61, 1.89):(1486.0, 432.0)
(6.41, -2.58):(50.0, 814.0)
(1.32, -1.12):(768.0, 814.0)
(-3.77, -2.21):(1486.0, 814.0)

