
(0.0, -5.5):(768.0, 432.0)
(0.7, -4.8):(50.0, 50.0)
(0.5, -4.5):(768.0, 50.0)
(0.5, -3.3):(1486.0, 50.0)
(0.8, -4.7):(50.0, 432.0)
(0.5, -4.3):(1486.0, 432.0)
(0.4, -5.7):(50.0, 814.0)
(0.3, -5.6):(768.0, 814.0)
(0.4, -5.2):(1486.0, 814.0)

(0.0, -5.5):(768.0, 432.0)
(1.72, -1.99):(50.0, 50.0)
(-0.2, -4.9):(768.0, 50.0)
(6.35, -2.05):(1486.0, 50.0)
(6.1, -2.3):(50.0, 432.0)
(-1.2, -3.3):(1486.0, 432.0)
(4.51, -1.06):(50.0, 814.0)
(1.03, -1.78):(768.0, 814.0)
(-3.78, 0.48):(1486.0, 814.0)

(-0.15, 1.59):(768.0, 432.0)
(5.74, -0.9):(50.0, 50.0)
(1.47, -1.43):(768.0, 50.0)
(0.3, -4.1):(1486.0, 50.0)
(0.38, -5.38):(50.0, 432.0)
(-0.17, -5.83):(1486.0, 432.0)
(7.5, -1.5):(50.0, 814.0)
(0.25, -7.25):(768.0, 814.0)
(0.0, -5.5):(1486.0, 814.0)


(0.99, -1.37):(768.0, 432.0)
(3.94, 0.5):(50.0, 50.0)
(0.29, -0.63):(768.0, 50.0)
(-2.7, -0.5):(1486.0, 50.0)
(4.59, -1.16):(50.0, 432.0)
(-3.63, -0.55):(1486.0, 432.0)
(5.43, -1.3):(50.0, 814.0)
(1.12, -1.28):(768.0, 814.0)
(-3.54, -1.49):(1486.0, 814.0)

(-0.44, -3.5):(768.0, 432.0)
(3.37, -3.72):(50.0, 50.0)
(-0.3, -1.62):(768.0, 50.0)
(-3.38, -2.61):(1486.0, 50.0)
(4.34, -3.4):(50.0, 432.0)
(-3.13, -1.45):(1486.0, 432.0)
(4.95, -3.2):(50.0, 814.0)
(0.0, -3.09):(768.0, 814.0)
(-2.38, -3.7):(1486.0, 814.0)

(1.41, -3.0):(768.0, 432.0)
(5.21, -2.49):(50.0, 50.0)
(1.26, -0.67):(768.0, 50.0)
(-3.02, -1.25):(1486.0, 50.0)
(4.42, -2.46):(50.0, 432.0)
(-2.99, -1.81):(1486.0, 432.0)
(4.03, -3.02):(50.0, 814.0)
(-0.5, -2.8):(768.0, 814.0)
(-2.3, -3.1):(1486.0, 814.0)


(0.13, -4.04):(768.0, 432.0)
(5.7, -6.54):(50.0, 50.0)
(-0.8, -7.9):(768.0, 50.0)
(-2.9, -4.73):(1486.0, 50.0)
(4.7, -5.0):(50.0, 432.0)
(-3.27, -4.72):(1486.0, 432.0)
(-6.8, 1.6):(50.0, 814.0)
(-0.68, -9.17):(768.0, 814.0)
(-4.71, -7.92):(1486.0, 814.0)

(0.4, -2.55):(768.0, 432.0)
(5.6, -2.68):(50.0, 50.0)
(1.22, -1.79):(768.0, 50.0)
(-4.2, -2.94):(1486.0, 50.0)
(-2.07, -10.9):(50.0, 432.0)
(-2.9, -8.9):(1486.0, 432.0)
(-2.24, -3.3):(50.0, 814.0)
(0.1, -9.5):(768.0, 814.0)
(-4.09, -7.4):(1486.0, 814.0)

(2.3, -0.48):(768.0, 432.0)
(5.76, 0.3):(50.0, 50.0)
(2.83, 0.75):(768.0, 50.0)
(-0.53, -0.27):(1486.0, 50.0)
(8.99, 0.35):(50.0, 432.0)
(0.83, 2.5):(1486.0, 432.0)
(5.13, 1.3):(50.0, 814.0)
(1.58, -1.62):(768.0, 814.0)
(-0.56, -3.59):(1486.0, 814.0)


(0.75, 0.15):(768.0, 432.0)
(4.92, 3.01):(50.0, 50.0)
(0.5, 4.25):(768.0, 50.0)
(-1.17, 5.25):(1486.0, 50.0)
(4.37, 2.81):(50.0, 432.0)
(-2.0, 4.7):(1486.0, 432.0)
(3.92, 1.0):(50.0, 814.0)
(-0.96, 0.18):(768.0, 814.0)
(-2.71, -0.34):(1486.0, 814.0)

(-0.13, 1.52):(768.0, 432.0)
(3.2, 4.3):(50.0, 50.0)
(0.7, 3.8):(768.0, 50.0)
(-1.93, 5.3):(1486.0, 50.0)
(3.83, 1.48):(50.0, 432.0)
(-2.43, 2.6):(1486.0, 432.0)
(3.36, -0.71):(50.0, 814.0)
(1.95, -0.45):(768.0, 814.0)
(-2.27, 0.93):(1486.0, 814.0)

(-0.67, 0.78):(768.0, 432.0)
(4.7, 3.6):(50.0, 50.0)
(0.6, 4.34):(768.0, 50.0)
(-1.9, 4.05):(1486.0, 50.0)
(3.34, 1.59):(50.0, 432.0)
(-3.18, 2.1):(1486.0, 432.0)
(2.47, -0.67):(50.0, 814.0)
(-1.13, -0.88):(768.0, 814.0)
(-3.26, 0.9):(1486.0, 814.0)


(-0.47, 0.84):(768.0, 432.0)
(3.77, 2.77):(50.0, 50.0)
(-0.38, 3.12):(768.0, 50.0)
(-2.0, 2.75):(1486.0, 50.0)
(4.13, 1.03):(50.0, 432.0)
(-3.5, 1.5):(1486.0, 432.0)
(3.93, 0.92):(50.0, 814.0)
(-0.2, -0.1):(768.0, 814.0)
(-2.8, 0.0):(1486.0, 814.0)

(1.11, 1.49):(768.0, 432.0)
(4.21, 4.55):(50.0, 50.0)
(1.54, 4.05):(768.0, 50.0)
(-3.08, 2.83):(1486.0, 50.0)
(3.0, 1.17):(50.0, 432.0)
(-3.71, 0.21):(1486.0, 432.0)
(2.05, -1.5):(50.0, 814.0)
(-0.41, -1.88):(768.0, 814.0)
(-2.11, -1.92):(1486.0, 814.0)

(0.84, 1.43):(768.0, 432.0)
(4.45, 2.65):(50.0, 50.0)
(0.75, 2.28):(768.0, 50.0)
(-2.85, 1.42):(1486.0, 50.0)
(1.65, 0.72):(50.0, 432.0)
(-3.15, 0.59):(1486.0, 432.0)
(0.95, -0.28):(50.0, 814.0)
(-1.24, -1.98):(768.0, 814.0)
(-3.34, -1.45):(1486.0, 814.0)


(1.26, 0.88):(768.0, 432.0)
(4.06, 1.9):(50.0, 50.0)
(1.4, 2.79):(768.0, 50.0)
(-1.11, 3.11):(1486.0, 50.0)
(3.53, 0.82):(50.0, 432.0)
(-1.7, 1.2):(1486.0, 432.0)
(2.82, -0.17):(50.0, 814.0)
(0.29, -0.72):(768.0, 814.0)
(-1.97, -0.2):(1486.0, 814.0)

(0.7, 0.72):(768.0, 432.0)
(3.79, 2.49):(50.0, 50.0)
(0.59, 2.49):(768.0, 50.0)
(-2.01, 2.89):(1486.0, 50.0)
(3.63, 1.59):(50.0, 432.0)
(-2.12, 1.8):(1486.0, 432.0)
(2.08, -0.51):(50.0, 814.0)
(0.1, -0.2):(768.0, 814.0)
(-2.16, 1.0):(1486.0, 814.0)

(0.44, 0.4):(768.0, 432.0)
(4.05, 2.22):(50.0, 50.0)
(0.49, 2.18):(768.0, 50.0)
(-0.85, 3.61):(1486.0, 50.0)
(3.88, 1.05):(50.0, 432.0)
(-1.33, 1.82):(1486.0, 432.0)
(3.78, 0.83):(50.0, 814.0)
(1.0, -0.0):(768.0, 814.0)
(-1.16, 1.5):(1486.0, 814.0)


(0.8, 0.29):(768.0, 432.0)
(5.18, 1.51):(50.0, 50.0)
(2.18, 2.86):(768.0, 50.0)
(-0.24, 3.43):(1486.0, 50.0)
(5.16, 1.52):(50.0, 432.0)
(-0.9, 2.5):(1486.0, 432.0)
(4.5, -1.3):(50.0, 814.0)
(0.59, -0.75):(768.0, 814.0)
(-1.91, 0.83):(1486.0, 814.0)

(0.16, 0.04):(768.0, 432.0)
(4.56, 2.28):(50.0, 50.0)
(1.8, 2.52):(768.0, 50.0)
(-0.25, 3.48):(1486.0, 50.0)
(4.86, 1.17):(50.0, 432.0)
(-1.25, 2.99):(1486.0, 432.0)
(4.09, -0.98):(50.0, 814.0)
(0.94, -0.39):(768.0, 814.0)
(-1.15, 2.15):(1486.0, 814.0)

(1.4, 0.44):(768.0, 432.0)
(5.14, 1.73):(50.0, 50.0)
(2.64, 2.42):(768.0, 50.0)
(-0.84, 2.73):(1486.0, 50.0)
(4.73, 0.96):(50.0, 432.0)
(-1.76, 1.18):(1486.0, 432.0)
(4.32, -1.47):(50.0, 814.0)
(-0.08, -2.55):(768.0, 814.0)
(-1.82, -0.3):(1486.0, 814.0)


(1.09, 1.7):(768.0, 432.0)
(3.51, 2.13):(50.0, 50.0)
(1.16, 3.27):(768.0, 50.0)
(-2.63, 2.33):(1486.0, 50.0)
(4.59, 1.9):(50.0, 432.0)
(-2.18, -1.25):(1486.0, 432.0)
(4.76, -1.55):(50.0, 814.0)
(0.83, -2.12):(768.0, 814.0)
(-4.06, -1.5):(1486.0, 814.0)

(0.46, 1.32):(768.0, 432.0)
(3.47, 1.96):(50.0, 50.0)
(0.99, 1.8):(768.0, 50.0)
(-2.4, 1.4):(1486.0, 50.0)
(4.85, 1.2):(50.0, 432.0)
(-3.2, 0.7):(1486.0, 432.0)
(2.93, -0.8):(50.0, 814.0)
(-0.48, 0.29):(768.0, 814.0)
(-2.7, -0.3):(1486.0, 814.0)

(0.2, 1.33):(768.0, 432.0)
(3.67, 1.57):(50.0, 50.0)
(0.7, 2.24):(768.0, 50.0)
(-2.8, 1.8):(1486.0, 50.0)
(4.46, 1.25):(50.0, 432.0)
(-3.5, 0.68):(1486.0, 432.0)
(4.0, -0.05):(50.0, 814.0)
(-0.55, -0.96):(768.0, 814.0)
(-4.1, -0.5):(1486.0, 814.0)


(-0.14, 1.23):(768.0, 432.0)
(4.09, 3.28):(50.0, 50.0)
(1.97, 4.47):(768.0, 50.0)
(-2.6, 2.8):(1486.0, 50.0)
(4.13, 0.0):(50.0, 432.0)
(-1.49, 1.92):(1486.0, 432.0)
(3.57, -0.22):(50.0, 814.0)
(0.48, -0.08):(768.0, 814.0)
(-2.85, -0.4):(1486.0, 814.0)

(0.67, 1.6):(768.0, 432.0)
(4.76, 2.03):(50.0, 50.0)
(1.92, 3.04):(768.0, 50.0)
(-2.5, 2.2):(1486.0, 50.0)
(4.46, 1.41):(50.0, 432.0)
(-1.38, 1.88):(1486.0, 432.0)
(3.78, -0.51):(50.0, 814.0)
(0.81, 0.26):(768.0, 814.0)
(-2.08, 0.43):(1486.0, 814.0)

(1.31, 1.48):(768.0, 432.0)
(4.24, 2.0):(50.0, 50.0)
(1.83, 3.17):(768.0, 50.0)
(-2.2, 2.3):(1486.0, 50.0)
(3.77, 0.3):(50.0, 432.0)
(-2.07, 0.91):(1486.0, 432.0)
(3.58, -0.1):(50.0, 814.0)
(0.17, -0.8):(768.0, 814.0)
(-2.57, -0.41):(1486.0, 814.0)


(-1.94, 0.34):(768.0, 432.0)
(2.24, 1.9):(50.0, 50.0)
(-1.04, 2.87):(768.0, 50.0)
(-4.65, 1.23):(1486.0, 50.0)
(1.72, 0.89):(50.0, 432.0)
(-4.71, -0.1):(1486.0, 432.0)
(0.98, -0.17):(50.0, 814.0)
(-1.86, -0.3):(768.0, 814.0)
(-4.36, -1.1):(1486.0, 814.0)

(-0.66, 0.65):(768.0, 432.0)
(2.37, 0.67):(50.0, 50.0)
(-0.68, 1.54):(768.0, 50.0)
(-3.37, 1.58):(1486.0, 50.0)
(2.3, 0.46):(50.0, 432.0)
(-3.08, 0.2):(1486.0, 432.0)
(1.5, -0.7):(50.0, 814.0)
(-1.52, -1.06):(768.0, 814.0)
(-3.84, -0.8):(1486.0, 814.0)

(-1.03, 0.7):(768.0, 432.0)
(3.93, 1.16):(50.0, 50.0)
(0.12, 2.56):(768.0, 50.0)
(-2.46, 1.2):(1486.0, 50.0)
(2.86, 0.33):(50.0, 432.0)
(-3.46, -0.5):(1486.0, 432.0)
(1.8, -1.6):(50.0, 814.0)
(-0.9, -0.93):(768.0, 814.0)
(-4.08, -0.7):(1486.0, 814.0)


(-0.98, 0.49):(768.0, 432.0)
(1.42, 2.17):(50.0, 50.0)
(-1.39, 1.18):(768.0, 50.0)
(-2.87, 1.2):(1486.0, 50.0)
(1.1, 0.8):(50.0, 432.0)
(-3.66, -0.59):(1486.0, 432.0)
(0.9, -1.5):(50.0, 814.0)
(-2.02, -1.7):(768.0, 814.0)
(-3.44, -1.2):(1486.0, 814.0)

(-0.7, 0.8):(768.0, 432.0)
(2.0, 1.6):(50.0, 50.0)
(0.04, 2.59):(768.0, 50.0)
(-2.18, 1.7):(1486.0, 50.0)
(1.9, 0.7):(50.0, 432.0)
(-2.58, 1.3):(1486.0, 432.0)
(1.6, 0.5):(50.0, 814.0)
(-0.6, 0.2):(768.0, 814.0)
(-2.34, 0.6):(1486.0, 814.0)

(-0.7, 0.5):(768.0, 432.0)
(1.34, 0.94):(50.0, 50.0)
(-0.01, 2.14):(768.0, 50.0)
(-1.93, 1.5):(1486.0, 50.0)
(1.8, 0.7):(50.0, 432.0)
(-2.7, 0.1):(1486.0, 432.0)
(1.1, -0.1):(50.0, 814.0)
(-0.7, 0.0):(768.0, 814.0)
(-3.48, -0.5):(1486.0, 814.0)


(1.48, 1.87):(768.0, 432.0)
(4.95, 3.1):(50.0, 50.0)
(1.74, 3.24):(768.0, 50.0)
(-1.1, 3.8):(1486.0, 50.0)
(5.36, 2.28):(50.0, 432.0)
(-0.36, 2.28):(1486.0, 432.0)
(4.9, -0.5):(50.0, 814.0)
(2.0, -1.2):(768.0, 814.0)
(0.01, 0.76):(1486.0, 814.0)

(2.1, 2.0):(768.0, 432.0)
(4.79, 2.26):(50.0, 50.0)
(2.6, 3.6):(768.0, 50.0)
(-1.0, 3.2):(1486.0, 50.0)
(4.9, 0.8):(50.0, 432.0)
(-0.57, 2.0):(1486.0, 432.0)
(4.02, 0.4):(50.0, 814.0)
(2.7, 0.2):(768.0, 814.0)
(-0.27, 0.6):(1486.0, 814.0)

(2.12, 1.87):(768.0, 432.0)
(5.06, 2.6):(50.0, 50.0)
(2.1, 2.9):(768.0, 50.0)
(-1.45, 2.45):(1486.0, 50.0)
(5.68, 1.25):(50.0, 432.0)
(-1.52, 1.09):(1486.0, 432.0)
(4.88, -0.28):(50.0, 814.0)
(2.68, 0.43):(768.0, 814.0)
(-0.58, 0.9):(1486.0, 814.0)


(-1.4, 0.33):(768.0, 432.0)
(1.83, 1.06):(50.0, 50.0)
(0.07, 1.74):(768.0, 50.0)
(-2.02, 1.75):(1486.0, 50.0)
(2.32, 0.39):(50.0, 432.0)
(-2.27, 0.27):(1486.0, 432.0)
(1.18, -1.84):(50.0, 814.0)
(0.17, -2.05):(768.0, 814.0)
(-4.21, -1.69):(1486.0, 814.0)

(-1.54, 0.08):(768.0, 432.0)
(2.03, 1.6):(50.0, 50.0)
(-1.66, 0.39):(768.0, 50.0)
(-2.75, 0.49):(1486.0, 50.0)
(1.52, 0.11):(50.0, 432.0)
(-3.03, -0.47):(1486.0, 432.0)
(1.02, -1.16):(50.0, 814.0)
(-0.92, -1.28):(768.0, 814.0)
(-3.11, -1.67):(1486.0, 814.0)

(-1.26, 0.59):(768.0, 432.0)
(2.18, 1.03):(50.0, 50.0)
(-0.87, 0.62):(768.0, 50.0)
(-2.5, 2.07):(1486.0, 50.0)
(2.02, 0.47):(50.0, 432.0)
(-3.27, 0.39):(1486.0, 432.0)
(1.66, -0.44):(50.0, 814.0)
(-1.06, -0.35):(768.0, 814.0)
(-4.04, -1.33):(1486.0, 814.0)


(-1.29, 2.12):(768.0, 432.0)
(2.6, 3.47):(50.0, 50.0)
(1.1, 3.03):(768.0, 50.0)
(-3.07, 3.83):(1486.0, 50.0)
(4.27, 1.48):(50.0, 432.0)
(-4.22, 1.8):(1486.0, 432.0)
(3.93, 1.25):(50.0, 814.0)
(-1.18, -0.43):(768.0, 814.0)
(-5.68, -1.12):(1486.0, 814.0)

(-2.1, 2.2):(768.0, 432.0)
(2.39, 3.58):(50.0, 50.0)
(-2.82, 2.75):(768.0, 50.0)
(-5.3, 2.91):(1486.0, 50.0)
(1.98, 2.19):(50.0, 432.0)
(-5.39, 0.71):(1486.0, 432.0)
(1.75, 0.42):(50.0, 814.0)
(-0.54, 0.52):(768.0, 814.0)
(-4.48, -0.07):(1486.0, 814.0)

(-0.14, 2.2):(768.0, 432.0)
(3.79, 2.85):(50.0, 50.0)
(-0.17, 3.52):(768.0, 50.0)
(-3.95, 3.7):(1486.0, 50.0)
(3.57, 1.39):(50.0, 432.0)
(-4.68, 1.95):(1486.0, 432.0)
(3.56, 0.19):(50.0, 814.0)
(0.74, 0.97):(768.0, 814.0)
(-4.47, 0.07):(1486.0, 814.0)


(-1.38, 0.74):(768.0, 432.0)
(2.52, 2.14):(50.0, 50.0)
(-1.03, 2.12):(768.0, 50.0)
(-4.16, 2.95):(1486.0, 50.0)
(1.32, 0.76):(50.0, 432.0)
(-5.37, -0.07):(1486.0, 432.0)
(1.45, -1.27):(50.0, 814.0)
(-2.46, -1.9):(768.0, 814.0)
(-5.5, -1.63):(1486.0, 814.0)

(-1.28, 1.02):(768.0, 432.0)
(2.25, 3.28):(50.0, 50.0)
(-1.26, 3.98):(768.0, 50.0)
(-3.75, 5.69):(1486.0, 50.0)
(1.36, 1.39):(50.0, 432.0)
(-5.14, 1.18):(1486.0, 432.0)
(1.56, 0.47):(50.0, 814.0)
(-1.86, 0.03):(768.0, 814.0)
(-4.06, 0.45):(1486.0, 814.0)

(-2.28, 1.32):(768.0, 432.0)
(1.25, 3.62):(50.0, 50.0)
(-1.96, 2.37):(768.0, 50.0)
(-5.2, 2.32):(1486.0, 50.0)
(1.98, 1.81):(50.0, 432.0)
(-4.88, 0.59):(1486.0, 432.0)
(1.59, -0.55):(50.0, 814.0)
(-1.04, 0.03):(768.0, 814.0)
(-4.21, 0.44):(1486.0, 814.0)


(1.79, 1.25):(768.0, 432.0)
(4.36, 3.04):(50.0, 50.0)
(1.15, 2.57):(768.0, 50.0)
(-1.6, 3.56):(1486.0, 50.0)
(3.46, 0.95):(50.0, 432.0)
(-1.82, 1.49):(1486.0, 432.0)
(3.15, -0.51):(50.0, 814.0)
(0.71, -0.57):(768.0, 814.0)
(-1.67, 0.58):(1486.0, 814.0)

(0.9, 1.8):(768.0, 432.0)
(3.5, 2.12):(50.0, 50.0)
(1.26, 3.4):(768.0, 50.0)
(-1.58, 4.22):(1486.0, 50.0)
(4.1, 1.81):(50.0, 432.0)
(-1.89, 0.08):(1486.0, 432.0)
(3.56, -0.3):(50.0, 814.0)
(1.03, -0.64):(768.0, 814.0)
(-1.05, -0.12):(1486.0, 814.0)

(1.4, 1.28):(768.0, 432.0)
(4.64, 1.73):(50.0, 50.0)
(1.75, 2.12):(768.0, 50.0)
(-1.24, 1.84):(1486.0, 50.0)
(4.65, 0.57):(50.0, 432.0)
(-0.97, 0.83):(1486.0, 432.0)
(4.33, -0.78):(50.0, 814.0)
(1.25, -0.3):(768.0, 814.0)
(-1.21, -0.2):(1486.0, 814.0)


(1.24, 1.21):(768.0, 432.0)
(4.76, 1.53):(50.0, 50.0)
(2.19, 2.42):(768.0, 50.0)
(-1.14, 2.81):(1486.0, 50.0)
(3.79, -1.41):(50.0, 432.0)
(-1.38, 0.15):(1486.0, 432.0)
(4.91, -1.48):(50.0, 814.0)
(1.05, -2.1):(768.0, 814.0)
(-2.16, -1.78):(1486.0, 814.0)

(1.72, 0.8):(768.0, 432.0)
(4.62, 1.91):(50.0, 50.0)
(1.82, 2.24):(768.0, 50.0)
(-1.3, 2.8):(1486.0, 50.0)
(3.98, 0.34):(50.0, 432.0)
(-1.39, 1.16):(1486.0, 432.0)
(4.25, -0.65):(50.0, 814.0)
(0.52, 0.1):(768.0, 814.0)
(-1.68, 0.31):(1486.0, 814.0)

(0.69, 1.1):(768.0, 432.0)
(4.05, 1.97):(50.0, 50.0)
(1.19, 2.93):(768.0, 50.0)
(-0.63, 3.35):(1486.0, 50.0)
(4.95, 1.4):(50.0, 432.0)
(-1.19, 1.3):(1486.0, 432.0)
(4.61, 0.26):(50.0, 814.0)
(1.49, -0.08):(768.0, 814.0)
(-1.78, 0.67):(1486.0, 814.0)


(1.78, 3.35):(768.0, 432.0)
(4.35, 3.67):(50.0, 50.0)
(1.01, 4.84):(768.0, 50.0)
(-1.13, 3.44):(1486.0, 50.0)
(4.57, 2.73):(50.0, 432.0)
(-1.67, 2.79):(1486.0, 432.0)
(4.14, -0.26):(50.0, 814.0)
(0.69, 0.32):(768.0, 814.0)
(-1.62, 0.96):(1486.0, 814.0)

(2.33, 3.66):(768.0, 432.0)
(5.31, 4.21):(50.0, 50.0)
(2.12, 4.89):(768.0, 50.0)
(-0.13, 5.3):(1486.0, 50.0)
(4.38, 3.18):(50.0, 432.0)
(-0.31, 4.18):(1486.0, 432.0)
(4.51, 1.31):(50.0, 814.0)
(1.39, 2.09):(768.0, 814.0)
(-0.64, 2.54):(1486.0, 814.0)

(1.5, 3.0):(768.0, 432.0)
(5.44, 5.29):(50.0, 50.0)
(1.25, 5.15):(768.0, 50.0)
(-0.61, 5.75):(1486.0, 50.0)
(4.47, 3.22):(50.0, 432.0)
(-0.68, 4.55):(1486.0, 432.0)
(4.07, 1.38):(50.0, 814.0)
(1.06, 1.96):(768.0, 814.0)
(-0.9, 1.6):(1486.0, 814.0)


(1.77, 2.98):(768.0, 432.0)
(3.35, 2.99):(50.0, 50.0)
(1.09, 3.08):(768.0, 50.0)
(-0.94, 3.44):(1486.0, 50.0)
(3.27, 2.49):(50.0, 432.0)
(-0.34, 2.96):(1486.0, 432.0)
(4.16, 1.2):(50.0, 814.0)
(1.64, 0.58):(768.0, 814.0)
(-1.08, 1.32):(1486.0, 814.0)

(1.98, 3.09):(768.0, 432.0)
(10.04, 6.84):(50.0, 50.0)
(1.23, 3.15):(768.0, 50.0)
(-0.42, 4.29):(1486.0, 50.0)
(4.22, 2.49):(50.0, 432.0)
(-0.66, 2.83):(1486.0, 432.0)
(3.87, 0.0):(50.0, 814.0)
(1.41, 0.86):(768.0, 814.0)
(-0.18, 2.04):(1486.0, 814.0)

(1.5, 2.59):(768.0, 432.0)
(5.85, 3.67):(50.0, 50.0)
(1.66, 3.02):(768.0, 50.0)
(-0.52, 3.5):(1486.0, 50.0)
(3.86, 1.59):(50.0, 432.0)
(-0.76, 2.75):(1486.0, 432.0)
(4.07, 0.3):(50.0, 814.0)
(1.2, 0.88):(768.0, 814.0)
(-1.19, -0.35):(1486.0, 814.0)


(1.0, 2.5):(768.0, 432.0)
(4.0, 4.32):(50.0, 50.0)
(1.81, 3.69):(768.0, 50.0)
(-1.36, 3.5):(1486.0, 50.0)
(3.5, 2.0):(50.0, 432.0)
(-0.38, 3.0):(1486.0, 432.0)
(4.0, 0.5):(50.0, 814.0)
(1.0, 1.0):(768.0, 814.0)
(-1.0, 1.75):(1486.0, 814.0)

(1.1, 2.5):(768.0, 432.0)
(3.19, 2.75):(50.0, 50.0)
(0.0, 3.25):(768.0, 50.0)
(-1.61, 4.25):(1486.0, 50.0)
(3.0, 1.64):(50.0, 432.0)
(-0.5, 1.25):(1486.0, 432.0)
(2.75, 0.75):(50.0, 814.0)
(0.5, 1.18):(768.0, 814.0)
(-1.5, 0.75):(1486.0, 814.0)

(1.0, 2.46):(768.0, 432.0)
(4.0, 3.43):(50.0, 50.0)
(1.38, 3.98):(768.0, 50.0)
(-1.35, 3.5):(1486.0, 50.0)
(3.5, 1.11):(50.0, 432.0)
(-1.0, 2.75):(1486.0, 432.0)
(3.5, 0.25):(50.0, 814.0)
(1.0, 0.0):(768.0, 814.0)
(-1.54, -0.5):(1486.0, 814.0)


(1.98, 2.83):(768.0, 432.0)
(4.94, 3.61):(50.0, 50.0)
(2.34, 4.29):(768.0, 50.0)
(0.13, 4.57):(1486.0, 50.0)
(5.15, 2.24):(50.0, 432.0)
(0.41, 2.82):(1486.0, 432.0)
(4.14, 0.48):(50.0, 814.0)
(1.44, 1.07):(768.0, 814.0)
(-0.41, 1.9):(1486.0, 814.0)

(0.73, 2.86):(768.0, 432.0)
(3.15, 2.88):(50.0, 50.0)
(0.83, 3.63):(768.0, 50.0)
(-1.79, 4.0):(1486.0, 50.0)
(2.69, 0.83):(50.0, 432.0)
(-2.58, 2.16):(1486.0, 432.0)
(3.35, 0.54):(50.0, 814.0)
(-1.03, -1.19):(768.0, 814.0)
(-2.28, -0.22):(1486.0, 814.0)

(1.63, 2.78):(768.0, 432.0)
(3.44, 2.92):(50.0, 50.0)
(1.38, 4.02):(768.0, 50.0)
(-0.34, 4.2):(1486.0, 50.0)
(4.43, 2.51):(50.0, 432.0)
(-0.41, 2.59):(1486.0, 432.0)
(4.23, 0.76):(50.0, 814.0)
(1.07, 0.18):(768.0, 814.0)
(-0.6, 1.21):(1486.0, 814.0)


(1.14, 1.55):(768.0, 432.0)
(3.21, 4.1):(50.0, 50.0)
(1.91, 5.6):(768.0, 50.0)
(-0.78, 3.72):(1486.0, 50.0)
(3.76, 2.12):(50.0, 432.0)
(-0.64, -0.16):(1486.0, 432.0)
(3.92, -0.53):(50.0, 814.0)
(2.44, -0.97):(768.0, 814.0)
(-0.45, -0.4):(1486.0, 814.0)

(3.69, 1.08):(768.0, 432.0)
(4.69, 2.3):(50.0, 50.0)
(2.65, 1.4):(768.0, 50.0)
(0.96, 1.43):(1486.0, 50.0)
(5.07, 0.21):(50.0, 432.0)
(1.02, 0.35):(1486.0, 432.0)
(3.94, -0.8):(50.0, 814.0)
(3.05, -0.2):(768.0, 814.0)
(0.46, -0.17):(1486.0, 814.0)

(2.93, 1.06):(768.0, 432.0)
(4.75, 5.41):(50.0, 50.0)
(2.64, 3.11):(768.0, 50.0)
(-0.14, 3.57):(1486.0, 50.0)
(4.19, 2.13):(50.0, 432.0)
(0.67, 1.51):(1486.0, 432.0)
(5.58, 0.65):(50.0, 814.0)
(0.81, 0.88):(768.0, 814.0)
(-0.91, 0.82):(1486.0, 814.0)


(0.05, 0.87):(768.0, 432.0)
(7.17, 3.87):(50.0, 50.0)
(0.73, 4.21):(768.0, 50.0)
(-4.84, 2.04):(1486.0, 50.0)
(6.34, 0.14):(50.0, 432.0)
(-3.35, -0.48):(1486.0, 432.0)
(3.73, -2.17):(50.0, 814.0)
(-0.4, -4.19):(768.0, 814.0)
(-5.67, -3.45):(1486.0, 814.0)

(-0.3, 0.49):(768.0, 432.0)
(6.75, 4.12):(50.0, 50.0)
(0.98, 1.21):(768.0, 50.0)
(-5.22, 1.39):(1486.0, 50.0)
(4.51, 0.99):(50.0, 432.0)
(-5.51, -1.07):(1486.0, 432.0)
(4.49, -1.45):(50.0, 814.0)
(1.4, -2.55):(768.0, 814.0)
(-2.4, -3.73):(1486.0, 814.0)

(0.55, 0.53):(768.0, 432.0)
(6.46, 4.28):(50.0, 50.0)
(3.16, 7.21):(768.0, 50.0)
(-5.54, 2.72):(1486.0, 50.0)
(4.51, 2.52):(50.0, 432.0)
(-5.12, 2.06):(1486.0, 432.0)
(6.71, -0.59):(50.0, 814.0)
(0.88, -1.29):(768.0, 814.0)
(-5.68, -3.79):(1486.0, 814.0)

ThreeEpoch:
(0.1, 0.63):(768.0, 432.0)
(6.79, 4.09):(50.0, 50.0)
(1.62, 4.21):(768.0, 50.0)
(-5.2, 2.05):(1486.0, 50.0)
(5.12, 1.22):(50.0, 432.0)
(-4.66, 0.17):(1486.0, 432.0)
(4.98, -1.4):(50.0, 814.0)
(0.63, -2.68):(768.0, 814.0)
(-4.58, -3.66):(1486.0, 814.0)


(-2.72, 0.6):(768.0, 432.0)
(7.64, 5.41):(50.0, 50.0)
(-0.93, 4.83):(768.0, 50.0)
(-5.03, 6.05):(1486.0, 50.0)
(6.53, 4.6):(50.0, 432.0)
(-5.09, 2.95):(1486.0, 432.0)
(1.68, -1.87):(50.0, 814.0)
(-3.16, -2.93):(768.0, 814.0)
(-7.88, -3.95):(1486.0, 814.0)

(4.63, 2.5):(768.0, 432.0)
(5.1, 4.7):(50.0, 50.0)
(1.17, 9.43):(768.0, 50.0)
(-8.4, 10.45):(1486.0, 50.0)
(10.94, 1.3):(50.0, 432.0)
(-3.33, -3.32):(1486.0, 432.0)
(5.85, -10.58):(50.0, 814.0)
(-0.89, -4.99):(768.0, 814.0)
(-3.21, -3.97):(1486.0, 814.0)

(-2.1, 0.12):(768.0, 432.0)
(-0.08, 5.64):(50.0, 50.0)
(-3.79, 2.83):(768.0, 50.0)
(-4.58, 3.34):(1486.0, 50.0)
(4.73, 1.22):(50.0, 432.0)
(-4.24, 1.46):(1486.0, 432.0)
(0.81, -0.26):(50.0, 814.0)
(-0.81, 0.01):(768.0, 814.0)
(-4.13, -2.78):(1486.0, 814.0)


(0.06, 3.17):(768.0, 432.0)
(4.22, 3.6):(50.0, 50.0)
(-0.85, 4.52):(768.0, 50.0)
(-5.52, 3.77):(1486.0, 50.0)
(3.96, 2.17):(50.0, 432.0)
(-6.03, 1.78):(1486.0, 432.0)
(1.8, 0.11):(50.0, 814.0)
(-3.01, -0.16):(768.0, 814.0)
(-8.29, -2.49):(1486.0, 814.0)

(-2.58, 2.26):(768.0, 432.0)
(2.84, 4.11):(50.0, 50.0)
(-2.13, 4.56):(768.0, 50.0)
(-6.92, 2.72):(1486.0, 50.0)
(2.62, 2.69):(50.0, 432.0)
(-7.28, 0.12):(1486.0, 432.0)
(0.93, -0.74):(50.0, 814.0)
(-3.64, -0.59):(768.0, 814.0)
(-7.22, -1.76):(1486.0, 814.0)

(-1.93, 3.22):(768.0, 432.0)
(3.03, 4.63):(50.0, 50.0)
(-1.95, 5.0):(768.0, 50.0)
(-6.78, 3.35):(1486.0, 50.0)
(2.64, 2.89):(50.0, 432.0)
(-6.81, 1.41):(1486.0, 432.0)
(2.27, 1.4):(50.0, 814.0)
(-2.45, 0.75):(768.0, 814.0)
(-7.65, -1.54):(1486.0, 814.0)


(-4.82, 2.52):(768.0, 432.0)
(9.62, 4.92):(50.0, 50.0)
(-4.98, 4.03):(768.0, 50.0)
(-9.62, 3.83):(1486.0, 50.0)
(9.88, -4.13):(50.0, 432.0)
(-10.36, -8.1):(1486.0, 432.0)
(1.85, -11.35):(50.0, 814.0)
(-8.37, -11.7):(768.0, 814.0)
(-9.79, -12.34):(1486.0, 814.0)

(-4.26, 0.53):(768.0, 432.0)
(8.76, 5.91):(50.0, 50.0)
(-5.75, 5.28):(768.0, 50.0)
(-12.79, 4.56):(1486.0, 50.0)
(6.74, 0.38):(50.0, 432.0)
(-7.65, 2.33):(1486.0, 432.0)
(2.54, -5.22):(50.0, 814.0)
(-5.86, -4.0):(768.0, 814.0)
(-8.07, -7.23):(1486.0, 814.0)

(-4.06, 0.75):(768.0, 432.0)
(7.38, 8.22):(50.0, 50.0)
(-5.31, 7.82):(768.0, 50.0)
(-12.42, 9.13):(1486.0, 50.0)
(6.29, 3.83):(50.0, 432.0)
(-11.85, 4.58):(1486.0, 432.0)
(2.36, -0.46):(50.0, 814.0)
(-5.71, -0.65):(768.0, 814.0)
(-11.82, -3.36):(1486.0, 814.0)


(-3.67, 1.02):(768.0, 432.0)
(9.74, 7.25):(50.0, 50.0)
(-2.59, 9.05):(768.0, 50.0)
(-11.56, 7.92):(1486.0, 50.0)
(7.41, 3.36):(50.0, 432.0)
(-7.78, -0.21):(1486.0, 432.0)
(5.37, -2.6):(50.0, 814.0)
(-4.04, -2.32):(768.0, 814.0)
(-7.65, -0.22):(1486.0, 814.0)

(-2.82, 0.33):(768.0, 432.0)
(5.05, 3.84):(50.0, 50.0)
(-4.11, 7.79):(768.0, 50.0)
(-10.15, 4.05):(1486.0, 50.0)
(5.93, -5.1):(50.0, 432.0)
(-10.05, -6.28):(1486.0, 432.0)
(4.57, -6.52):(50.0, 814.0)
(-8.03, -6.58):(768.0, 814.0)
(-13.1, -6.91):(1486.0, 814.0)

(-3.36, 1.09):(768.0, 432.0)
(5.22, 3.58):(50.0, 50.0)
(-2.69, 3.02):(768.0, 50.0)
(-8.89, 1.29):(1486.0, 50.0)
(4.67, 1.08):(50.0, 432.0)
(-9.02, -1.69):(1486.0, 432.0)
(2.23, -2.44):(50.0, 814.0)
(-4.45, -3.78):(768.0, 814.0)
(-5.4, -6.55):(1486.0, 814.0)


(-4.71, 0.76):(768.0, 432.0)
(-0.57, 1.79):(50.0, 50.0)
(-4.83, 4.39):(768.0, 50.0)
(-8.59, 1.64):(1486.0, 50.0)
(3.18, -0.49):(50.0, 432.0)
(-9.44, -0.16):(1486.0, 432.0)
(1.23, -3.98):(50.0, 814.0)
(-4.03, -3.68):(768.0, 814.0)
(-8.0, -3.71):(1486.0, 814.0)

(-3.93, 1.13):(768.0, 432.0)
(1.64, 1.85):(50.0, 50.0)
(-4.62, 3.57):(768.0, 50.0)
(-9.03, 3.72):(1486.0, 50.0)
(0.99, -0.34):(50.0, 432.0)
(-7.2, 1.15):(1486.0, 432.0)
(1.36, -3.61):(50.0, 814.0)
(-2.72, -1.04):(768.0, 814.0)
(-8.08, -4.72):(1486.0, 814.0)

(-3.54, 0.85):(768.0, 432.0)
(4.6, 4.3):(50.0, 50.0)
(-2.57, 5.97):(768.0, 50.0)
(-8.34, 2.05):(1486.0, 50.0)
(1.46, 0.61):(50.0, 432.0)
(-6.56, 1.62):(1486.0, 432.0)
(1.06, -2.56):(50.0, 814.0)
(-2.95, -2.62):(768.0, 814.0)
(-8.71, -4.03):(1486.0, 814.0)


(-1.94, 1.56):(768.0, 432.0)
(6.24, 5.08):(50.0, 50.0)
(-2.03, 9.07):(768.0, 50.0)
(-8.71, 8.3):(1486.0, 50.0)
(8.67, 4.5):(50.0, 432.0)
(-12.73, -2.92):(1486.0, 432.0)
(3.06, -4.02):(50.0, 814.0)
(-2.57, -3.0):(768.0, 814.0)
(-8.68, -6.15):(1486.0, 814.0)

(-3.45, 1.02):(768.0, 432.0)
(6.84, 5.76):(50.0, 50.0)
(-0.98, 5.44):(768.0, 50.0)
(-6.56, 5.26):(1486.0, 50.0)
(7.35, 3.15):(50.0, 432.0)
(-6.88, 2.06):(1486.0, 432.0)
(5.28, 0.65):(50.0, 814.0)
(-2.68, -2.55):(768.0, 814.0)
(-7.17, -2.73):(1486.0, 814.0)

(-2.52, 1.23):(768.0, 432.0)
(6.92, 2.27):(50.0, 50.0)
(-1.1, 5.63):(768.0, 50.0)
(-7.2, 6.74):(1486.0, 50.0)
(0.5, 0.07):(50.0, 432.0)
(-8.33, 0.62):(1486.0, 432.0)
(7.16, -0.35):(50.0, 814.0)
(-1.44, -0.51):(768.0, 814.0)
(-6.18, -0.97):(1486.0, 814.0)


(-3.87, 1.47):(768.0, 432.0)
(5.18, 6.14):(50.0, 50.0)
(-0.94, 6.44):(768.0, 50.0)
(-6.03, 7.21):(1486.0, 50.0)
(6.07, 4.03):(50.0, 432.0)
(-7.04, 2.92):(1486.0, 432.0)
(2.63, -0.65):(50.0, 814.0)
(-4.38, -5.63):(768.0, 814.0)
(-7.5, -6.99):(1486.0, 814.0)

(-3.75, 0.19):(768.0, 432.0)
(5.94, 6.94):(50.0, 50.0)
(-0.56, 7.93):(768.0, 50.0)
(-6.75, 6.12):(1486.0, 50.0)
(6.49, 3.37):(50.0, 432.0)
(-7.17, 1.21):(1486.0, 432.0)
(3.1, -0.65):(50.0, 814.0)
(-3.42, -2.4):(768.0, 814.0)
(-7.94, -5.91):(1486.0, 814.0)

(-3.58, 0.84):(768.0, 432.0)
(5.59, 4.88):(50.0, 50.0)
(-1.17, 6.07):(768.0, 50.0)
(-7.18, 4.72):(1486.0, 50.0)
(5.42, 1.46):(50.0, 432.0)
(-8.02, 1.29):(1486.0, 432.0)
(1.82, -2.02):(50.0, 814.0)
(-4.48, -4.33):(768.0, 814.0)
(-8.15, -4.76):(1486.0, 814.0)


(-3.25, 1.2):(768.0, 432.0)
(4.68, 2.57):(50.0, 50.0)
(-2.19, 3.56):(768.0, 50.0)
(-7.62, 2.16):(1486.0, 50.0)
(4.73, 1.8):(50.0, 432.0)
(-7.83, -2.93):(1486.0, 432.0)
(0.53, -3.48):(50.0, 814.0)
(-4.72, -3.96):(768.0, 814.0)
(-5.63, -5.54):(1486.0, 814.0)

(-4.92, 0.18):(768.0, 432.0)
(4.45, 6.87):(50.0, 50.0)
(-3.54, 4.97):(768.0, 50.0)
(-7.47, 4.09):(1486.0, 50.0)
(5.87, 2.93):(50.0, 432.0)
(-5.5, -2.45):(1486.0, 432.0)
(2.91, -2.47):(50.0, 814.0)
(-4.32, -2.71):(768.0, 814.0)
(-9.13, -4.21):(1486.0, 814.0)

(-3.53, 1.41):(768.0, 432.0)
(6.37, 4.45):(50.0, 50.0)
(-2.54, 5.28):(768.0, 50.0)
(-6.68, 5.05):(1486.0, 50.0)
(5.15, 3.8):(50.0, 432.0)
(-8.15, 1.13):(1486.0, 432.0)
(0.49, -1.44):(50.0, 814.0)
(-4.25, -1.76):(768.0, 814.0)
(-8.49, -5.59):(1486.0, 814.0)


(-2.41, 2.83):(768.0, 432.0)
(4.7, 4.51):(50.0, 50.0)
(-2.3, 4.72):(768.0, 50.0)
(-9.95, 3.73):(1486.0, 50.0)
(4.72, 0.51):(50.0, 432.0)
(-9.1, 0.2):(1486.0, 432.0)
(1.93, -3.98):(50.0, 814.0)
(-3.35, -3.77):(768.0, 814.0)
(-9.12, -4.52):(1486.0, 814.0)

(-3.35, 0.75):(768.0, 432.0)
(5.43, 2.78):(50.0, 50.0)
(-0.73, 4.41):(768.0, 50.0)
(-9.23, 2.21):(1486.0, 50.0)
(4.91, -0.67):(50.0, 432.0)
(-8.95, 0.54):(1486.0, 432.0)
(3.11, -3.83):(50.0, 814.0)
(-2.61, -3.94):(768.0, 814.0)
(-8.55, -5.1):(1486.0, 814.0)

(-2.92, 1.47):(768.0, 432.0)
(5.17, 4.46):(50.0, 50.0)
(-1.61, 4.06):(768.0, 50.0)
(-8.05, 3.43):(1486.0, 50.0)
(5.2, 0.78):(50.0, 432.0)
(-7.73, 1.34):(1486.0, 432.0)
(2.72, -2.56):(50.0, 814.0)
(-2.59, -2.5):(768.0, 814.0)
(-8.18, -4.33):(1486.0, 814.0)


(-3.09, 1.89):(768.0, 432.0)
(5.2, 2.73):(50.0, 50.0)
(-2.09, 5.34):(768.0, 50.0)
(-8.88, 4.34):(1486.0, 50.0)
(6.17, 0.88):(50.0, 432.0)
(-4.51, 1.05):(1486.0, 432.0)
(3.85, -1.57):(50.0, 814.0)
(-2.54, -2.74):(768.0, 814.0)
(-6.36, -1.73):(1486.0, 814.0)

(-3.36, 1.59):(768.0, 432.0)
(6.12, 3.4):(50.0, 50.0)
(-1.27, 5.23):(768.0, 50.0)
(-6.42, 5.63):(1486.0, 50.0)
(5.6, 0.35):(50.0, 432.0)
(-7.02, -0.17):(1486.0, 432.0)
(3.3, -3.99):(50.0, 814.0)
(-2.26, -2.12):(768.0, 814.0)
(-5.79, -2.75):(1486.0, 814.0)

(-4.55, 1.79):(768.0, 432.0)
(5.27, 4.66):(50.0, 50.0)
(-2.59, 5.73):(768.0, 50.0)
(-6.17, 4.2):(1486.0, 50.0)
(5.42, 1.49):(50.0, 432.0)
(-6.85, -0.17):(1486.0, 432.0)
(3.01, -1.75):(50.0, 814.0)
(-2.62, -1.08):(768.0, 814.0)
(-7.89, -3.84):(1486.0, 814.0)


(-4.23, 0.89):(768.0, 432.0)
(5.32, 5.03):(50.0, 50.0)
(-3.32, 7.04):(768.0, 50.0)
(-7.73, 3.73):(1486.0, 50.0)
(5.03, 1.23):(50.0, 432.0)
(-6.06, 2.72):(1486.0, 432.0)
(2.94, -3.59):(50.0, 814.0)
(-2.78, -1.71):(768.0, 814.0)
(-8.75, -3.03):(1486.0, 814.0)

(-3.57, 1.92):(768.0, 432.0)
(5.12, 4.51):(50.0, 50.0)
(-1.02, 7.23):(768.0, 50.0)
(-5.66, 6.1):(1486.0, 50.0)
(5.95, 3.37):(50.0, 432.0)
(-7.86, 3.86):(1486.0, 432.0)
(4.05, -1.61):(50.0, 814.0)
(-2.13, 0.12):(768.0, 814.0)
(-6.08, -1.51):(1486.0, 814.0)

(-3.33, 1.11):(768.0, 432.0)
(6.52, 2.24):(50.0, 50.0)
(-1.17, 4.03):(768.0, 50.0)
(-6.61, 2.66):(1486.0, 50.0)
(6.38, -0.32):(50.0, 432.0)
(-5.87, 0.8):(1486.0, 432.0)
(4.73, -2.59):(50.0, 814.0)
(-1.5, -0.35):(768.0, 814.0)
(-6.47, -2.53):(1486.0, 814.0)


(-4.45, 1.75):(768.0, 432.0)
(5.53, 2.99):(50.0, 50.0)
(-4.13, 6.19):(768.0, 50.0)
(-9.36, 3.14):(1486.0, 50.0)
(5.92, 1.26):(50.0, 432.0)
(-9.59, -1.26):(1486.0, 432.0)
(2.63, -2.73):(50.0, 814.0)
(-2.63, -3.47):(768.0, 814.0)
(-9.71, -4.8):(1486.0, 814.0)

(-3.13, 1.6):(768.0, 432.0)
(4.81, 2.15):(50.0, 50.0)
(-1.84, 4.44):(768.0, 50.0)
(-8.56, 4.2):(1486.0, 50.0)
(6.87, 1.59):(50.0, 432.0)
(-8.87, 1.5):(1486.0, 432.0)
(3.75, -1.33):(50.0, 814.0)
(-3.04, -0.65):(768.0, 814.0)
(-8.91, -3.75):(1486.0, 814.0)

(-3.16, 1.81):(768.0, 432.0)
(5.81, 2.97):(50.0, 50.0)
(-0.87, 6.87):(768.0, 50.0)
(-8.77, 4.61):(1486.0, 50.0)
(5.66, 1.96):(50.0, 432.0)
(-9.12, -0.29):(1486.0, 432.0)
(2.98, -2.3):(50.0, 814.0)
(-5.58, -4.47):(768.0, 814.0)
(-8.95, -2.95):(1486.0, 814.0)


(-3.02, 2.14):(768.0, 432.0)
(4.55, 4.21):(50.0, 50.0)
(-1.94, 7.04):(768.0, 50.0)
(-7.5, 5.58):(1486.0, 50.0)
(4.3, 2.48):(50.0, 432.0)
(-7.92, 2.69):(1486.0, 432.0)
(3.35, -0.4):(50.0, 814.0)
(-2.13, -0.34):(768.0, 814.0)
(-5.32, -1.22):(1486.0, 814.0)

(-2.74, 1.68):(768.0, 432.0)
(4.56, 4.19):(50.0, 50.0)
(-2.98, 4.63):(768.0, 50.0)
(-7.2, 4.83):(1486.0, 50.0)
(5.06, 1.77):(50.0, 432.0)
(-7.42, 3.04):(1486.0, 432.0)
(4.38, 0.32):(50.0, 814.0)
(-2.32, 0.37):(768.0, 814.0)
(-6.79, -1.51):(1486.0, 814.0)

(-3.26, 1.39):(768.0, 432.0)
(5.21, 3.66):(50.0, 50.0)
(-3.16, 5.95):(768.0, 50.0)
(-8.69, 4.27):(1486.0, 50.0)
(4.88, 0.96):(50.0, 432.0)
(-8.83, 1.49):(1486.0, 432.0)
(0.92, -2.38):(50.0, 814.0)
(-4.3, -1.68):(768.0, 814.0)
(-9.27, -4.85):(1486.0, 814.0)


(-3.21, 1.18):(768.0, 432.0)
(5.1, 7.15):(50.0, 50.0)
(-0.42, 6.5):(768.0, 50.0)
(-5.15, 5.09):(1486.0, 50.0)
(5.08, 4.84):(50.0, 432.0)
(-5.74, 1.53):(1486.0, 432.0)
(3.67, 0.66):(50.0, 814.0)
(-1.99, -1.5):(768.0, 814.0)
(-6.38, -0.94):(1486.0, 814.0)

(-2.75, 1.21):(768.0, 432.0)
(4.43, 6.19):(50.0, 50.0)
(-1.55, 5.41):(768.0, 50.0)
(-6.38, 3.71):(1486.0, 50.0)
(4.75, 3.39):(50.0, 432.0)
(-6.66, 1.31):(1486.0, 432.0)
(2.97, -0.04):(50.0, 814.0)
(-2.86, -2.32):(768.0, 814.0)
(-7.38, -4.08):(1486.0, 814.0)

(-2.4, 1.31):(768.0, 432.0)
(4.12, 3.59):(50.0, 50.0)
(-1.84, 3.26):(768.0, 50.0)
(-6.66, 1.51):(1486.0, 50.0)
(3.3, 0.0):(50.0, 432.0)
(-7.58, -2.02):(1486.0, 432.0)
(0.93, -2.33):(50.0, 814.0)
(-4.23, -3.11):(768.0, 814.0)
(-8.19, -6.0):(1486.0, 814.0)


(-3.14, 1.79):(768.0, 432.0)
(4.04, 6.15):(50.0, 50.0)
(-2.53, 6.36):(768.0, 50.0)
(-6.64, 5.52):(1486.0, 50.0)
(5.0, 2.5):(50.0, 432.0)
(-7.21, 3.72):(1486.0, 432.0)
(2.7, -0.82):(50.0, 814.0)
(-2.07, -0.8):(768.0, 814.0)
(-8.85, -3.41):(1486.0, 814.0)

(-3.11, 0.97):(768.0, 432.0)
(5.23, 3.72):(50.0, 50.0)
(-3.27, 4.39):(768.0, 50.0)
(-7.38, 3.61):(1486.0, 50.0)
(5.16, -0.24):(50.0, 432.0)
(-7.91, 0.7):(1486.0, 432.0)
(2.04, -3.52):(50.0, 814.0)
(-2.63, -1.63):(768.0, 814.0)
(-8.47, -5.89):(1486.0, 814.0)

(-3.33, 0.92):(768.0, 432.0)
(4.61, 4.59):(50.0, 50.0)
(-1.23, 4.93):(768.0, 50.0)
(-7.98, 3.41):(1486.0, 50.0)
(4.89, 1.08):(50.0, 432.0)
(-7.61, 0.92):(1486.0, 432.0)
(1.68, -0.01):(50.0, 814.0)
(-2.51, -1.23):(768.0, 814.0)
(-8.02, -4.48):(1486.0, 814.0)


(0.37, 0.32):(768.0, 432.0)
(7.07, 1.67):(50.0, 50.0)
(-0.01, 3.13):(768.0, 50.0)
(-4.52, 2.89):(1486.0, 50.0)
(6.64, 0.52):(50.0, 432.0)
(-5.16, 0.63):(1486.0, 432.0)
(4.63, -3.74):(50.0, 814.0)
(-0.06, -4.63):(768.0, 814.0)
(-4.46, -4.3):(1486.0, 814.0)

(1.01, 1.44):(768.0, 432.0)
(8.0, 5.15):(50.0, 50.0)
(0.94, 6.45):(768.0, 50.0)
(-4.13, 5.57):(1486.0, 50.0)
(7.72, 3.75):(50.0, 432.0)
(-4.65, 4.14):(1486.0, 432.0)
(5.55, -0.55):(50.0, 814.0)
(0.81, -0.39):(768.0, 814.0)
(-3.94, -0.72):(1486.0, 814.0)

(0.67, 1.2):(768.0, 432.0)
(8.08, 3.6):(50.0, 50.0)
(1.34, 2.77):(768.0, 50.0)
(-4.23, 4.1):(1486.0, 50.0)
(8.49, 1.11):(50.0, 432.0)
(-4.61, 1.89):(1486.0, 432.0)
(6.41, -2.58):(50.0, 814.0)
(1.32, -1.12):(768.0, 814.0)
(-3.77, -2.21):(1486.0, 814.0)


(-3.76, 0.81):(768.0, 432.0)
(4.38, 3.84):(50.0, 50.0)
(-3.94, 3.25):(768.0, 50.0)
(-7.02, 5.9):(1486.0, 50.0)
(4.34, 0.88):(50.0, 432.0)
(-9.1, -0.21):(1486.0, 432.0)
(1.46, -3.16):(50.0, 814.0)
(-3.39, -2.35):(768.0, 814.0)
(-9.5, -7.02):(1486.0, 814.0)

(-3.83, 1.14):(768.0, 432.0)
(5.29, 4.36):(50.0, 50.0)
(-1.61, 5.42):(768.0, 50.0)
(-8.03, 2.82):(1486.0, 50.0)
(5.81, 1.67):(50.0, 432.0)
(-8.25, -0.79):(1486.0, 432.0)
(3.02, -2.59):(50.0, 814.0)
(-2.02, -2.62):(768.0, 814.0)
(-8.43, -4.12):(1486.0, 814.0)

(-4.17, 1.14):(768.0, 432.0)
(4.5, 4.86):(50.0, 50.0)
(-1.88, 4.64):(768.0, 50.0)
(-8.33, 2.62):(1486.0, 50.0)
(4.53, 0.83):(50.0, 432.0)
(-8.83, -1.13):(1486.0, 432.0)
(2.0, -4.01):(50.0, 814.0)
(-2.91, -3.37):(768.0, 814.0)
(-7.84, -6.29):(1486.0, 814.0)


(-4.52, 0.84):(768.0, 432.0)
(6.88, 4.9):(50.0, 50.0)
(-0.7, 5.7):(768.0, 50.0)
(-6.78, 3.41):(1486.0, 50.0)
(6.15, 0.79):(50.0, 432.0)
(-5.11, 0.58):(1486.0, 432.0)
(4.59, -1.43):(50.0, 814.0)
(-1.46, -0.77):(768.0, 814.0)
(-5.03, -1.31):(1486.0, 814.0)

(-4.09, 1.9):(768.0, 432.0)
(4.04, 3.81):(50.0, 50.0)
(-3.32, 6.67):(768.0, 50.0)
(-8.62, 6.08):(1486.0, 50.0)
(5.44, 2.8):(50.0, 432.0)
(-7.94, 0.7):(1486.0, 432.0)
(3.3, -2.22):(50.0, 814.0)
(-2.25, -0.67):(768.0, 814.0)
(-7.12, -1.24):(1486.0, 814.0)

(-3.32, 2.31):(768.0, 432.0)
(5.24, 3.16):(50.0, 50.0)
(-4.04, 6.44):(768.0, 50.0)
(-8.96, 5.33):(1486.0, 50.0)
(5.35, 2.44):(50.0, 432.0)
(-9.1, 2.02):(1486.0, 432.0)
(2.52, -2.55):(50.0, 814.0)
(-2.41, -0.92):(768.0, 814.0)
(-8.35, -1.81):(1486.0, 814.0)


(-4.94, 1.05):(768.0, 432.0)
(5.36, 5.36):(50.0, 50.0)
(-3.35, 6.67):(768.0, 50.0)
(-5.66, 5.79):(1486.0, 50.0)
(4.62, 1.09):(50.0, 432.0)
(-5.9, 2.14):(1486.0, 432.0)
(2.29, -2.34):(50.0, 814.0)
(-3.22, -1.26):(768.0, 814.0)
(-5.19, -3.14):(1486.0, 814.0)

(-4.09, 1.2):(768.0, 432.0)
(6.13, 5.62):(50.0, 50.0)
(-2.23, 5.74):(768.0, 50.0)
(-4.61, 5.12):(1486.0, 50.0)
(5.08, 2.6):(50.0, 432.0)
(-8.97, -0.45):(1486.0, 432.0)
(2.48, -1.42):(50.0, 814.0)
(-3.62, -2.43):(768.0, 814.0)
(-8.95, -3.27):(1486.0, 814.0)

(-3.85, 1.23):(768.0, 432.0)
(3.42, 1.76):(50.0, 50.0)
(-4.33, 3.53):(768.0, 50.0)
(-5.24, 2.08):(1486.0, 50.0)
(4.52, -1.03):(50.0, 432.0)
(-8.47, -0.94):(1486.0, 432.0)
(3.09, -5.22):(50.0, 814.0)
(-2.48, -4.18):(768.0, 814.0)
(-8.88, -4.59):(1486.0, 814.0)


(-3.07, 1.24):(768.0, 432.0)
(4.32, 2.63):(50.0, 50.0)
(-2.65, 4.98):(768.0, 50.0)
(-7.11, 3.94):(1486.0, 50.0)
(4.62, 1.4):(50.0, 432.0)
(-8.6, -1.16):(1486.0, 432.0)
(1.7, -2.84):(50.0, 814.0)
(-3.03, -2.79):(768.0, 814.0)
(-5.91, -4.61):(1486.0, 814.0)

(-3.73, 1.41):(768.0, 432.0)
(4.49, 3.71):(50.0, 50.0)
(-2.7, 4.85):(768.0, 50.0)
(-7.96, 3.34):(1486.0, 50.0)
(3.07, 0.88):(50.0, 432.0)
(-7.54, -0.76):(1486.0, 432.0)
(1.84, -1.24):(50.0, 814.0)
(-3.43, -2.06):(768.0, 814.0)
(-4.9, -2.41):(1486.0, 814.0)

(-2.52, 2.64):(768.0, 432.0)
(4.07, 3.52):(50.0, 50.0)
(-1.54, 6.07):(768.0, 50.0)
(-7.09, 3.74):(1486.0, 50.0)
(3.2, 1.44):(50.0, 432.0)
(-4.94, -0.02):(1486.0, 432.0)
(1.46, -2.96):(50.0, 814.0)
(-4.28, -2.45):(768.0, 814.0)
(-7.35, -1.52):(1486.0, 814.0)


(-4.78, 2.35):(768.0, 432.0)
(5.68, 5.4):(50.0, 50.0)
(-4.24, 5.12):(768.0, 50.0)
(-9.0, 2.63):(1486.0, 50.0)
(1.65, 1.27):(50.0, 432.0)
(-8.61, 0.6):(1486.0, 432.0)
(1.27, -2.74):(50.0, 814.0)
(-4.64, -3.02):(768.0, 814.0)
(-5.88, -1.05):(1486.0, 814.0)

(-2.93, 2.06):(768.0, 432.0)
(5.71, 4.74):(50.0, 50.0)
(-2.17, 5.61):(768.0, 50.0)
(-8.19, 3.03):(1486.0, 50.0)
(6.84, -2.22):(50.0, 432.0)
(-8.53, -1.45):(1486.0, 432.0)
(3.27, -5.23):(50.0, 814.0)
(-3.13, -3.59):(768.0, 814.0)
(-3.94, -4.02):(1486.0, 814.0)

(-3.35, 2.04):(768.0, 432.0)
(7.0, 8.24):(50.0, 50.0)
(-3.2, 6.09):(768.0, 50.0)
(-6.22, 7.43):(1486.0, 50.0)
(6.25, 2.17):(50.0, 432.0)
(-3.44, 0.85):(1486.0, 432.0)
(3.57, -1.59):(50.0, 814.0)
(-3.42, -0.24):(768.0, 814.0)
(-7.94, -2.65):(1486.0, 814.0)


(-4.27, 1.09):(768.0, 432.0)
(6.67, 3.82):(50.0, 50.0)
(-2.86, 5.82):(768.0, 50.0)
(-5.49, 5.54):(1486.0, 50.0)
(6.07, 1.33):(50.0, 432.0)
(-8.96, -2.3):(1486.0, 432.0)
(2.36, -4.64):(50.0, 814.0)
(-3.65, -5.01):(768.0, 814.0)
(-10.23, -5.99):(1486.0, 814.0)

(-4.38, 1.0):(768.0, 432.0)
(5.75, 5.47):(50.0, 50.0)
(-3.41, 6.25):(768.0, 50.0)
(-7.94, 3.75):(1486.0, 50.0)
(3.55, -0.45):(50.0, 432.0)
(-9.17, -4.15):(1486.0, 432.0)
(1.74, -4.85):(50.0, 814.0)
(-4.67, -4.58):(768.0, 814.0)
(-8.39, -4.97):(1486.0, 814.0)

(-4.2, 1.23):(768.0, 432.0)
(5.21, 5.69):(50.0, 50.0)
(-3.73, 5.87):(768.0, 50.0)
(-10.44, 4.17):(1486.0, 50.0)
(3.54, 0.33):(50.0, 432.0)
(-7.27, -1.74):(1486.0, 432.0)
(2.01, -1.99):(50.0, 814.0)
(-4.42, -2.3):(768.0, 814.0)
(-6.45, -2.38):(1486.0, 814.0)


(-4.37, 1.1):(768.0, 432.0)
(5.81, 5.87):(50.0, 50.0)
(-3.46, 6.58):(768.0, 50.0)
(-10.56, 5.57):(1486.0, 50.0)
(5.58, 1.9):(50.0, 432.0)
(-9.54, -3.45):(1486.0, 432.0)
(2.5, -4.7):(50.0, 814.0)
(-3.64, -4.88):(768.0, 814.0)
(-9.99, -5.69):(1486.0, 814.0)

(-3.67, 1.71):(768.0, 432.0)
(6.46, 6.38):(50.0, 50.0)
(-2.68, 7.1):(768.0, 50.0)
(-10.26, 4.64):(1486.0, 50.0)
(4.86, 2.89):(50.0, 432.0)
(-10.09, -0.06):(1486.0, 432.0)
(2.16, -1.75):(50.0, 814.0)
(-3.38, -2.49):(768.0, 814.0)
(-9.19, -3.62):(1486.0, 814.0)

(-4.47, 0.87):(768.0, 432.0)
(6.07, 6.53):(50.0, 50.0)
(-3.3, 7.49):(768.0, 50.0)
(-9.45, 6.44):(1486.0, 50.0)
(4.88, 2.3):(50.0, 432.0)
(-10.23, -2.6):(1486.0, 432.0)
(2.2, -3.23):(50.0, 814.0)
(-3.44, -3.72):(768.0, 814.0)
(-8.88, -6.51):(1486.0, 814.0)


(-3.91, 1.37):(768.0, 432.0)
(4.17, 4.97):(50.0, 50.0)
(-3.48, 7.07):(768.0, 50.0)
(-9.02, 6.43):(1486.0, 50.0)
(5.9, 1.67):(50.0, 432.0)
(-10.27, -1.07):(1486.0, 432.0)
(2.8, -3.26):(50.0, 814.0)
(-3.24, -1.61):(768.0, 814.0)
(-11.42, -5.71):(1486.0, 814.0)

(-3.93, 1.14):(768.0, 432.0)
(5.87, 4.07):(50.0, 50.0)
(-2.3, 6.75):(768.0, 50.0)
(-8.96, 4.86):(1486.0, 50.0)
(4.87, 1.93):(50.0, 432.0)
(-9.31, 1.74):(1486.0, 432.0)
(2.71, -2.25):(50.0, 814.0)
(-3.18, -2.48):(768.0, 814.0)
(-7.48, -4.82):(1486.0, 814.0)

(-3.59, 2.25):(768.0, 432.0)
(6.14, 4.72):(50.0, 50.0)
(-2.78, 6.0):(768.0, 50.0)
(-8.07, 5.62):(1486.0, 50.0)
(3.76, 0.18):(50.0, 432.0)
(-9.98, -2.95):(1486.0, 432.0)
(2.46, -3.6):(50.0, 814.0)
(-4.36, -3.89):(768.0, 814.0)
(-9.39, -6.63):(1486.0, 814.0)


(-4.15, 2.05):(768.0, 432.0)
(5.4, 4.93):(50.0, 50.0)
(-2.82, 5.95):(768.0, 50.0)
(-10.27, 2.1):(1486.0, 50.0)
(3.39, -0.22):(50.0, 432.0)
(-9.27, -0.17):(1486.0, 432.0)
(1.51, -2.84):(50.0, 814.0)
(-4.62, -3.9):(768.0, 814.0)
(-9.63, -6.06):(1486.0, 814.0)

(-3.01, 2.07):(768.0, 432.0)
(6.32, 3.97):(50.0, 50.0)
(-1.42, 5.98):(768.0, 50.0)
(-5.64, 4.13):(1486.0, 50.0)
(3.5, 1.93):(50.0, 432.0)
(-7.37, 0.43):(1486.0, 432.0)
(2.46, -0.94):(50.0, 814.0)
(-3.23, -0.76):(768.0, 814.0)
(-8.0, -3.96):(1486.0, 814.0)

(-2.46, 2.7):(768.0, 432.0)
(3.64, 5.24):(50.0, 50.0)
(-2.84, 6.16):(768.0, 50.0)
(-8.53, 4.54):(1486.0, 50.0)
(3.07, 2.9):(50.0, 432.0)
(-8.72, -1.8):(1486.0, 432.0)
(-1.32, -4.25):(50.0, 814.0)
(-4.39, -4.63):(768.0, 814.0)
(-8.43, -4.85):(1486.0, 814.0)

